466
13 2 8
1 1
255 255 255
19 3 8
1 1
255 255 255
22 3 8
1 1
255 255 255
10 4 4
1 1
255 255 255
24 5 7
1 1
255 255 255
23 5 8
1 1
255 255 255
22 5 9
1 1
255 255 255
11 5 9
1 1
255 255 255
25 6 6
1 1
255 255 255
9 6 7
1 1
255 255 255
9 6 8
1 1
255 255 255
24 6 9
1 1
255 255 255
25 7 7
1 1
255 255 255
8 8 10
1 1
255 255 255
23 10 12
1 1
255 255 255
6 11 5
1 1
255 255 255
3 12 10
1 1
255 255 255
27 13 6
1 1
255 255 255
23 13 12
1 1
255 255 255
23 15 12
1 1
255 255 255
8 16 7
1 1
255 255 255
23 16 9
1 1
255 255 255
11 16 11
1 1
255 255 255
11 16 12
1 1
255 255 255
21 16 12
1 1
255 255 255
11 16 13
1 1
255 255 255
22 16 13
1 1
255 255 255
9 17 9
1 1
255 255 255
11 17 10
1 1
255 255 255
9 18 8
1 1
255 255 255
16 18 12
1 1
255 255 255
18 19 12
1 1
255 255 255
20 20 9
1 1
255 255 255
6 12 5
2 1
255 255 255
24 16 8
1 2
255 255 255
9 5 9
1 2
255 255 255
7 8 7
1 2
255 255 255
7 9 9
2 1
255 255 255
19 19 9
1 2
255 255 255
10 16 10
1 2
255 255 255
23 4 7
1 2
255 255 255
12 19 8
1 2
255 255 255
23 5 9
1 2
255 255 255
24 5 6
1 2
255 255 255
23 14 12
2 1
255 255 255
9 5 8
2 1
255 255 255
24 11 13
1 2
255 255 255
8 6 6
2 1
255 255 255
9 5 7
2 1
255 255 255
11 18 10
2 1
255 255 255
8 12 11
1 2
255 255 255
7 10 8
1 3
255 255 255
27 9 7
1 2
255 255 255
26 9 5
1 2
255 255 255
22 17 9
2 1
255 255 255
20 4 9
3 1
255 255 255
9 17 6
1 2
255 255 255
8 16 5
2 1
255 255 255
9 17 8
2 1
255 255 255
14 19 12
4 1
255 255 255
23 9 12
2 1
255 255 255
24 14 10
1 3
255 255 255
18 17 13
4 1
255 255 255
20 19 9
3 1
255 255 255
7 15 7
2 1
255 255 255
27 13 7
2 1
255 255 255
10 15 11
1 3
255 255 255
10 4 6
2 1
255 255 255
21 3 8
1 2
255 255 255
26 8 6
1 4
255 255 255
7 13 8
1 2
255 255 255
21 17 11
1 2
255 255 255
26 11 4
1 2
255 255 255
20 18 10
3 1
255 255 255
12 19 10
2 1
255 255 255
10 15 12
1 2
255 255 255
24 7 10
1 2
255 255 255
24 6 7
2 1
255 255 255
11 3 7
2 1
255 255 255
8 6 8
1 3
255 255 255
26 13 7
1 2
255 255 255
20 17 12
2 1
255 255 255
11 17 12
3 1
255 255 255
18 18 12
3 1
255 255 255
8 17 7
2 1
255 255 255
11 4 4
1 2
255 255 255
8 15 9
2 2
255 255 255
7 10 7
1 3
255 255 255
7 8 8
1 2
255 255 255
25 8 7
2 2
255 255 255
9 14 12
2 1
255 255 255
7 13 7
1 2
255 255 255
7 10 9
1 4
255 255 255
28 9 7
1 4
255 255 255
8 14 8
1 2
255 255 255
24 11 11
2 1
255 255 255
23 17 8
1 2
255 255 255
10 4 8
2 1
255 255 255
22 3 7
1 2
255 255 255
23 7 9
2 1
255 255 255
10 15 13
2 1
255 255 255
25 15 8
1 2
255 255 255
24 12 11
1 4
255 255 255
25 7 8
1 2
255 255 255
8 16 8
2 1
255 255 255
24 10 12
1 4
255 255 255
24 16 7
2 1
255 255 255
20 2 8
1 2
255 255 255
15 19 10
4 2
255 255 255
20 3 7
2 1
255 255 255
11 17 9
1 3
255 255 255
22 4 8
2 1
255 255 255
8 7 6
1 2
255 255 255
22 15 12
1 3
255 255 255
24 14 9
1 4
255 255 255
16 21 9
2 1
255 255 255
11 17 11
2 2
255 255 255
10 4 7
2 1
255 255 255
8 10 9
1 3
255 255 255
8 15 6
1 3
255 255 255
22 17 10
2 1
255 255 255
11 3 8
3 1
255 255 255
8 13 9
1 2
255 255 255
19 19 10
3 1
255 255 255
22 18 8
1 2
255 255 255
9 6 10
1 4
255 255 255
27 10 5
1 3
255 255 255
13 20 9
6 1
255 255 255
9 18 7
2 1
255 255 255
12 18 12
4 1
255 255 255
8 9 10
1 6
255 255 255
13 19 9
2 1
255 255 255
14 19 10
1 2
255 255 255
26 10 7
1 3
255 255 255
23 14 11
1 3
255 255 255
24 5 8
1 3
255 255 255
24 8 11
1 3
255 255 255
9 5 6
2 1
255 255 255
23 15 10
1 2
255 255 255
10 17 5
1 3
255 255 255
11 3 9
3 2
255 255 255
10 4 9
1 3
255 255 255
3 11 9
2 2
255 255 255
25 7 6
1 4
255 255 255
3 11 8
2 2
255 255 255
25 13 7
1 3
255 255 255
8 6 7
1 3
255 255 255
23 7 12
1 2
255 255 255
9 12 11
1 4
255 255 255
18 18 13
2 1
255 255 255
26 12 6
1 3
255 255 255
3 11 7
4 2
255 255 255
21 18 9
3 1
255 255 255
22 16 11
1 2
255 255 255
14 2 8
6 1
255 255 255
10 16 9
1 3
255 255 255
12 18 9
1 3
255 255 255
9 14 10
1 3
255 255 255
23 6 10
1 2
255 255 255
8 7 9
2 2
255 255 255
7 8 6
1 8
255 255 255
19 18 11
2 2
255 255 255
4 11 6
3 2
255 255 255
19 4 10
3 1
255 255 255
9 17 5
1 2
255 255 255
25 13 6
1 4
255 255 255
29 10 7
1 3
255 255 255
3 11 12
6 2
255 255 255
3 11 10
2 1
255 255 255
3 11 11
3 2
255 255 255
8 9 11
2 3
255 255 255
10 18 8
2 2
255 255 255
6 11 11
2 2
255 255 255
24 8 9
1 2
255 255 255
13 18 13
2 1
255 255 255
27 10 6
2 3
255 255 255
27 13 8
2 1
255 255 255
13 18 11
2 2
255 255 255
15 19 11
4 1
255 255 255
9 7 11
2 2
255 255 255
25 11 5
2 4
255 255 255
9 8 4
1 1
255 255 255
8 14 3
1 1
255 255 255
9 9 3
2 1
255 255 255
8 13 3
2 1
255 255 255
7 13 5
1 3
255 255 255
7 9 4
1 2
255 255 255
8 9 3
1 4
255 255 255
9 9 2
1 4
255 255 255
8 6 5
2 2
255 255 255
8 7 4
2 1
255 255 255
7 10 5
1 2
255 255 255
9 5 5
2 1
255 255 255
9 14 3
1 3
255 255 255
8 8 4
1 3
255 255 255
10 5 3
1 4
255 255 255
8 14 5
1 2
255 255 255
7 8 5
2 2
255 255 255
11 5 3
1 3
255 255 255
9 7 3
1 2
255 255 255
7 11 4
2 3
255 255 255
9 10 3
1 3
255 255 255
8 14 4
2 3
255 255 255
9 5 4
2 2
255 255 255
9 13 2
1 1
255 255 255
10 14 3
1 2
255 255 255
21 4 5
1 1
255 255 255
13 2 5
1 1
255 255 255
14 2 7
1 1
255 255 255
12 2 7
1 1
255 255 255
20 2 6
1 2
255 255 255
14 2 5
1 2
255 255 255
12 4 4
2 1
255 255 255
13 2 7
1 2
255 255 255
11 3 6
2 1
255 255 255
10 4 5
3 1
255 255 255
19 3 5
4 1
255 255 255
12 4 3
1 3
255 255 255
15 2 5
6 1
255 255 255
15 2 7
6 1
255 255 255
21 3 6
2 1
255 255 255
11 3 5
3 1
255 255 255
12 2 6
8 1
255 255 255
11 6 2
3 2
255 255 255
24 13 10
2 1
255 255 255
27 10 8
3 1
255 255 255
29 11 13
3 1
255 255 255
25 10 8
2 1
255 255 255
26 11 8
1 3
255 255 255
25 12 8
1 3
255 255 255
29 11 8
1 3
255 255 255
29 10 11
2 1
255 255 255
25 7 9
1 3
255 255 255
28 10 10
1 3
255 255 255
32 11 13
2 1
255 255 255
27 13 9
3 1
255 255 255
28 11 11
4 1
255 255 255
25 10 9
4 2
255 255 255
25 9 8
4 1
255 255 255
29 12 11
3 1
255 255 255
30 12 13
3 1
255 255 255
24 9 10
2 4
255 255 255
25 12 9
4 1
255 255 255
25 13 9
1 3
255 255 255
29 10 9
2 3
255 255 255
29 11 12
4 2
255 255 255
29 10 10
2 3
255 255 255
23 4 5
1 1
255 255 255
23 5 6
1 1
255 255 255
10 13 2
1 3
255 255 255
22 4 5
1 2
255 255 255
24 7 5
2 1
255 255 255
22 4 6
2 1
255 255 255
10 7 2
1 6
255 255 255
11 10 2
2 6
255 255 255
23 5 5
2 2
255 255 255
14 6 2
4 2
255 255 255
25 8 5
1 3
255 255 255
10 6 11
1 1
255 255 255
22 6 10
1 1
255 255 255
21 5 12
1 2
255 255 255
22 6 12
1 2
255 255 255
21 5 10
2 1
255 255 255
23 6 11
1 3
255 255 255
21 5 11
2 1
255 255 255
12 15 13
2 3
255 255 255
15 15 14
4 1
255 255 255
22 6 11
1 2
255 255 255
16 15 13
2 4
255 255 255
15 15 13
1 4
255 255 255
10 16 3
2 2
255 255 255
23 17 7
2 1
255 255 255
23 17 5
1 1
255 255 255
25 16 5
1 1
255 255 255
18 21 5
1 1
255 255 255
21 19 6
1 1
255 255 255
11 18 5
1 1
255 255 255
10 16 4
1 1
255 255 255
10 18 4
1 1
255 255 255
18 19 4
1 1
255 255 255
22 15 3
1 1
255 255 255
21 18 4
1 1
255 255 255
22 5 3
1 1
255 255 255
22 4 4
1 1
255 255 255
20 5 2
1 1
255 255 255
13 5 3
1 1
255 255 255
12 18 4
1 1
255 255 255
23 15 2
1 1
255 255 255
10 18 6
1 1
255 255 255
14 18 3
2 1
255 255 255
11 18 3
3 1
255 255 255
13 19 3
2 1
255 255 255
15 16 2
1 2
255 255 255
23 7 4
2 1
255 255 255
23 9 3
1 2
255 255 255
23 8 3
2 1
255 255 255
11 19 4
2 1
255 255 255
20 11 2
1 3
255 255 255
12 17 3
2 1
255 255 255
24 12 3
2 1
255 255 255
11 19 5
2 1
255 255 255
22 18 6
1 2
255 255 255
14 20 7
1 2
255 255 255
20 17 2
2 1
255 255 255
21 10 2
1 3
255 255 255
12 19 6
1 2
255 255 255
12 17 2
3 1
255 255 255
9 17 4
2 1
255 255 255
16 20 4
3 1
255 255 255
11 17 4
1 2
255 255 255
20 19 5
3 1
255 255 255
19 19 3
2 1
255 255 255
24 13 4
1 2
255 255 255
18 18 3
1 3
255 255 255
15 21 8
4 1
255 255 255
22 18 7
2 1
255 255 255
23 16 4
1 3
255 255 255
21 19 7
2 1
255 255 255
22 8 2
2 1
255 255 255
13 20 6
2 1
255 255 255
23 13 3
3 1
255 255 255
19 4 2
1 2
255 255 255
24 16 5
1 2
255 255 255
17 4 2
2 1
255 255 255
21 5 4
3 1
255 255 255
24 16 6
1 2
255 255 255
17 3 3
3 1
255 255 255
22 12 2
3 1
255 255 255
21 19 4
2 1
255 255 255
22 10 2
3 2
255 255 255
12 5 2
6 1
255 255 255
24 15 5
2 1
255 255 255
18 20 5
4 1
255 255 255
14 2 4
6 1
255 255 255
22 17 4
1 2
255 255 255
24 16 4
1 2
255 255 255
15 14 2
6 1
255 255 255
20 20 7
2 1
255 255 255
10 19 7
3 1
255 255 255
22 18 5
2 1
255 255 255
21 16 3
3 1
255 255 255
19 19 4
2 2
255 255 255
18 20 7
2 2
255 255 255
20 19 8
2 1
255 255 255
19 20 6
3 1
255 255 255
12 20 5
2 1
255 255 255
24 8 4
1 2
255 255 255
17 8 2
1 6
255 255 255
24 9 3
1 3
255 255 255
11 16 2
4 1
255 255 255
13 18 2
3 1
255 255 255
18 20 8
4 1
255 255 255
23 17 6
1 2
255 255 255
22 6 4
3 1
255 255 255
15 15 2
8 1
255 255 255
13 20 8
4 1
255 255 255
13 3 3
4 1
255 255 255
20 16 2
3 1
255 255 255
21 6 3
3 1
255 255 255
23 14 3
2 2
255 255 255
10 19 6
2 1
255 255 255
12 20 7
2 1
255 255 255
18 10 2
3 1
255 255 255
19 6 2
4 2
255 255 255
15 21 7
3 1
255 255 255
18 16 2
2 3
255 255 255
20 3 4
2 2
255 255 255
25 7 4
1 8
255 255 255
20 17 3
4 1
255 255 255
14 21 6
6 1
255 255 255
13 19 4
3 2
255 255 255
22 7 3
3 1
255 255 255
15 10 2
2 4
255 255 255
14 4 2
3 1
255 255 255
19 8 2
3 1
255 255 255
21 13 2
3 2
255 255 255
24 15 4
2 1
255 255 255
18 5 2
1 4
255 255 255
14 20 5
4 2
255 255 255
25 10 3
1 2
255 255 255
19 18 3
4 1
255 255 255
19 4 3
3 2
255 255 255
18 9 2
6 1
255 255 255
18 11 2
2 3
255 255 255
13 4 3
6 1
255 255 255
16 16 2
2 4
255 255 255
11 8 2
6 2
255 255 255
12 3 4
8 1
255 255 255
13 10 2
2 6
255 255 255
15 19 3
3 2
255 255 255
11 6 13
1 1
255 255 255
17 3 12
1 1
255 255 255
14 4 10
1 1
255 255 255
19 9 13
1 1
255 255 255
20 3 10
1 1
255 255 255
15 11 15
1 1
255 255 255
23 8 13
1 1
255 255 255
12 11 14
1 1
255 255 255
19 4 13
1 1
255 255 255
18 12 16
1 1
255 255 255
12 6 12
1 1
255 255 255
12 5 11
1 1
255 255 255
19 8 14
1 1
255 255 255
20 4 11
1 2
255 255 255
12 5 12
2 1
255 255 255
13 12 13
1 2
255 255 255
22 9 13
2 1
255 255 255
18 11 15
1 2
255 255 255
13 13 14
1 2
255 255 255
20 7 13
2 1
255 255 255
13 11 14
2 2
255 255 255
19 5 13
2 1
255 255 255
10 14 13
4 1
255 255 255
10 5 10
1 3
255 255 255
17 4 13
1 3
255 255 255
19 5 12
2 1
255 255 255
13 3 10
1 2
255 255 255
13 9 14
1 2
255 255 255
17 12 16
1 2
255 255 255
16 11 17
3 1
255 255 255
14 3 10
6 1
255 255 255
15 8 14
1 4
255 255 255
16 11 14
2 1
255 255 255
19 9 14
2 1
255 255 255
18 4 13
1 4
255 255 255
15 12 16
2 1
255 255 255
22 7 13
1 2
255 255 255
14 4 13
1 3
255 255 255
11 5 11
1 2
255 255 255
14 8 14
1 3
255 255 255
18 8 13
2 1
255 255 255
16 12 17
2 1
255 255 255
9 13 13
4 1
255 255 255
19 6 13
1 2
255 255 255
19 10 14
1 3
255 255 255
12 4 11
4 1
255 255 255
15 12 14
3 1
255 255 255
11 9 13
3 2
255 255 255
15 11 16
4 1
255 255 255
20 6 13
3 1
255 255 255
16 7 13
2 1
255 255 255
14 2 9
6 1
255 255 255
16 10 16
3 1
255 255 255
10 7 12
1 3
255 255 255
9 9 13
2 2
255 255 255
18 7 14
1 6
255 255 255
14 14 13
1 4
255 255 255
12 5 13
2 2
255 255 255
11 5 12
1 3
255 255 255
19 14 13
3 1
255 255 255
14 3 9
8 1
255 255 255
20 10 14
1 4
255 255 255
13 4 12
8 1
255 255 255
20 8 13
2 6
255 255 255
9 8 12
1 6
255 255 255
18 15 13
4 2
255 255 255
11 4 10
2 2
255 255 255
9 11 13
4 2
255 255 255
22 10 13
2 6
255 255 255
14 13 14
6 2
255 255 255
16 10 15
2 3
255 255 255
16 7 14
2 4
255 255 255
18 3 11
2 2
255 255 255
14 3 11
4 1
255 255 255
15 4 13
2 3
255 255 255
10 7 13
6 2
255 255 255
