1726 34 22 18
14 2 4
15 2 4
16 2 4
17 2 4
18 2 4
18 2 4
19 2 4
13 2 5
14 2 5
15 2 5
16 2 5
17 2 5
18 2 5
18 2 5
19 2 5
20 2 5
12 2 6
13 2 6
14 2 6
15 2 6
16 2 6
17 2 6
18 2 6
18 2 6
19 2 6
20 2 6
12 2 7
13 2 7
14 2 7
15 2 7
16 2 7
17 2 7
18 2 7
18 2 7
19 2 7
20 2 7
13 2 8
14 2 8
15 2 8
16 2 8
17 2 8
18 2 8
18 2 8
19 2 8
20 2 8
14 2 9
15 2 9
16 2 9
17 2 9
18 2 9
18 2 9
19 2 9
15 2 9
16 2 9
17 2 9
18 2 9
18 2 9
13 3 3
14 3 3
15 3 3
16 3 3
17 3 3
18 3 3
18 3 3
19 3 3
12 3 4
13 3 4
14 3 4
15 3 4
16 3 4
17 3 4
18 3 4
18 3 4
19 3 4
20 3 4
21 3 4
11 3 5
12 3 5
13 3 5
14 3 5
19 3 5
20 3 5
21 3 5
22 3 5
11 3 6
12 3 6
20 3 6
21 3 6
22 3 6
11 3 7
12 3 7
13 3 7
20 3 7
21 3 7
22 3 7
11 3 8
12 3 8
13 3 8
19 3 8
20 3 8
21 3 8
22 3 8
11 3 9
12 3 9
13 3 9
14 3 9
18 3 9
19 3 9
20 3 9
21 3 9
12 3 9
13 3 9
14 3 9
15 3 9
16 3 9
17 3 9
18 3 9
18 3 9
19 3 9
20 3 9
21 3 9
13 3 10
14 3 10
15 3 10
16 3 10
17 3 10
18 3 10
18 3 10
19 3 10
20 3 10
14 3 11
15 3 11
16 3 11
17 3 11
18 3 11
18 3 11
19 3 11
17 3 12
14 4 2
15 4 2
16 4 2
17 4 2
18 4 2
18 4 2
19 4 2
12 4 3
13 4 3
14 4 3
15 4 3
16 4 3
17 4 3
18 4 3
18 4 3
19 4 3
20 4 3
21 4 3
10 4 4
11 4 4
12 4 4
13 4 4
20 4 4
21 4 4
22 4 4
10 4 5
11 4 5
12 4 5
21 4 5
22 4 5
23 4 5
10 4 6
11 4 6
22 4 6
23 4 6
10 4 7
11 4 7
22 4 7
23 4 7
10 4 8
11 4 8
21 4 8
22 4 8
23 4 8
10 4 9
11 4 9
12 4 9
21 4 9
22 4 9
11 4 9
12 4 9
13 4 9
20 4 9
21 4 9
22 4 9
11 4 10
12 4 10
13 4 10
14 4 10
19 4 10
20 4 10
21 4 10
12 4 11
13 4 11
14 4 11
15 4 11
18 4 11
19 4 11
20 4 11
13 4 12
14 4 12
15 4 12
16 4 12
17 4 12
18 4 12
18 4 12
19 4 12
20 4 12
14 4 13
15 4 13
16 4 13
17 4 13
18 4 13
18 4 13
19 4 13
12 5 2
13 5 2
14 5 2
15 5 2
16 5 2
17 5 2
18 5 2
18 5 2
19 5 2
20 5 2
10 5 3
11 5 3
12 5 3
13 5 3
19 5 3
20 5 3
21 5 3
22 5 3
9 5 4
10 5 4
11 5 4
21 5 4
22 5 4
23 5 4
9 5 5
10 5 5
22 5 5
23 5 5
24 5 5
9 5 6
10 5 6
23 5 6
24 5 6
9 5 7
10 5 7
23 5 7
24 5 7
9 5 8
10 5 8
23 5 8
24 5 8
9 5 9
10 5 9
22 5 9
23 5 9
10 5 9
11 5 9
22 5 9
23 5 9
10 5 10
11 5 10
12 5 10
21 5 10
22 5 10
11 5 11
12 5 11
20 5 11
21 5 11
22 5 11
11 5 12
12 5 12
13 5 12
19 5 12
20 5 12
21 5 12
12 5 13
13 5 13
14 5 13
15 5 13
16 5 13
17 5 13
18 5 13
18 5 13
19 5 13
20 5 13
11 6 2
12 6 2
13 6 2
14 6 2
15 6 2
16 6 2
17 6 2
18 6 2
18 6 2
19 6 2
20 6 2
21 6 2
22 6 2
10 6 3
11 6 3
12 6 3
21 6 3
22 6 3
23 6 3
9 6 4
10 6 4
22 6 4
23 6 4
24 6 4
8 6 5
9 6 5
23 6 5
24 6 5
8 6 6
9 6 6
24 6 6
25 6 6
8 6 7
9 6 7
24 6 7
25 6 7
8 6 8
9 6 8
24 6 8
9 6 9
23 6 9
24 6 9
9 6 9
10 6 9
23 6 9
24 6 9
9 6 10
10 6 10
22 6 10
23 6 10
10 6 11
11 6 11
22 6 11
23 6 11
11 6 12
12 6 12
21 6 12
22 6 12
11 6 13
12 6 13
13 6 13
14 6 13
15 6 13
16 6 13
17 6 13
18 6 13
18 6 13
19 6 13
20 6 13
21 6 13
22 6 13
10 7 2
11 7 2
12 7 2
13 7 2
14 7 2
15 7 2
16 7 2
17 7 2
18 7 2
18 7 2
19 7 2
20 7 2
21 7 2
22 7 2
9 7 3
10 7 3
11 7 3
22 7 3
23 7 3
24 7 3
8 7 4
9 7 4
23 7 4
24 7 4
25 7 4
8 7 5
9 7 5
24 7 5
25 7 5
8 7 6
25 7 6
8 7 7
25 7 7
8 7 8
24 7 8
25 7 8
8 7 9
9 7 9
24 7 9
25 7 9
8 7 9
9 7 9
23 7 9
24 7 9
9 7 10
10 7 10
23 7 10
24 7 10
9 7 11
10 7 11
22 7 11
23 7 11
10 7 12
11 7 12
22 7 12
23 7 12
10 7 13
11 7 13
12 7 13
13 7 13
14 7 13
15 7 13
16 7 13
17 7 13
18 7 13
18 7 13
19 7 13
20 7 13
21 7 13
22 7 13
16 7 14
17 7 14
18 7 14
10 8 2
11 8 2
12 8 2
13 8 2
14 8 2
15 8 2
16 8 2
17 8 2
18 8 2
18 8 2
19 8 2
20 8 2
21 8 2
22 8 2
23 8 2
9 8 3
10 8 3
23 8 3
24 8 3
8 8 4
9 8 4
24 8 4
25 8 4
7 8 5
8 8 5
25 8 5
7 8 6
8 8 6
25 8 6
26 8 6
7 8 7
8 8 7
25 8 7
26 8 7
7 8 8
8 8 8
25 8 8
8 8 9
24 8 9
25 8 9
8 8 9
9 8 9
24 8 9
25 8 9
8 8 10
9 8 10
24 8 10
9 8 11
10 8 11
23 8 11
24 8 11
9 8 12
10 8 12
23 8 12
10 8 13
11 8 13
12 8 13
13 8 13
14 8 13
15 8 13
18 8 13
19 8 13
20 8 13
21 8 13
22 8 13
23 8 13
14 8 14
15 8 14
16 8 14
17 8 14
18 8 14
18 8 14
19 8 14
9 9 2
10 9 2
11 9 2
12 9 2
13 9 2
14 9 2
15 9 2
16 9 2
17 9 2
18 9 2
18 9 2
19 9 2
20 9 2
21 9 2
22 9 2
23 9 2
8 9 3
9 9 3
10 9 3
23 9 3
24 9 3
7 9 4
8 9 4
24 9 4
25 9 4
7 9 5
8 9 5
25 9 5
26 9 5
7 9 6
25 9 6
26 9 6
7 9 7
25 9 7
26 9 7
27 9 7
28 9 7
7 9 8
25 9 8
26 9 8
27 9 8
28 9 8
7 9 9
8 9 9
25 9 9
8 9 9
24 9 9
25 9 9
8 9 10
9 9 10
24 9 10
25 9 10
8 9 11
9 9 11
24 9 11
9 9 12
10 9 12
23 9 12
24 9 12
9 9 13
10 9 13
11 9 13
12 9 13
13 9 13
19 9 13
20 9 13
21 9 13
22 9 13
23 9 13
13 9 14
14 9 14
15 9 14
16 9 14
17 9 14
18 9 14
18 9 14
19 9 14
20 9 14
9 10 2
10 10 2
11 10 2
12 10 2
13 10 2
14 10 2
15 10 2
16 10 2
17 10 2
18 10 2
18 10 2
19 10 2
20 10 2
21 10 2
22 10 2
23 10 2
24 10 2
8 10 3
9 10 3
23 10 3
24 10 3
25 10 3
7 10 4
8 10 4
25 10 4
7 10 5
25 10 5
26 10 5
27 10 5
7 10 6
25 10 6
26 10 6
27 10 6
28 10 6
7 10 7
26 10 7
27 10 7
28 10 7
29 10 7
7 10 8
25 10 8
26 10 8
27 10 8
28 10 8
29 10 8
7 10 9
8 10 9
25 10 9
26 10 9
27 10 9
28 10 9
29 10 9
7 10 9
8 10 9
25 10 9
28 10 9
29 10 9
30 10 9
8 10 10
24 10 10
25 10 10
28 10 10
29 10 10
30 10 10
8 10 11
9 10 11
24 10 11
29 10 11
30 10 11
9 10 12
23 10 12
24 10 12
9 10 13
10 10 13
11 10 13
12 10 13
13 10 13
20 10 13
21 10 13
22 10 13
23 10 13
13 10 14
14 10 14
15 10 14
16 10 14
17 10 14
18 10 14
18 10 14
19 10 14
20 10 14
16 10 15
17 10 15
16 10 16
17 10 16
18 10 16
9 11 2
10 11 2
11 11 2
12 11 2
13 11 2
14 11 2
15 11 2
16 11 2
17 11 2
18 11 2
18 11 2
19 11 2
20 11 2
21 11 2
22 11 2
23 11 2
24 11 2
8 11 3
9 11 3
24 11 3
25 11 3
7 11 4
8 11 4
25 11 4
26 11 4
6 11 5
7 11 5
25 11 5
26 11 5
27 11 5
4 11 6
5 11 6
6 11 6
7 11 6
26 11 6
27 11 6
28 11 6
3 11 7
4 11 7
5 11 7
6 11 7
7 11 7
26 11 7
28 11 7
29 11 7
3 11 8
3 11 8
4 11 8
7 11 8
26 11 8
29 11 8
3 11 9
3 11 9
4 11 9
7 11 9
25 11 9
26 11 9
27 11 9
29 11 9
30 11 9
3 11 9
3 11 9
7 11 9
8 11 9
25 11 9
27 11 9
28 11 9
29 11 9
30 11 9
3 11 10
3 11 10
4 11 10
8 11 10
24 11 10
25 11 10
28 11 10
29 11 10
30 11 10
3 11 11
3 11 11
4 11 11
5 11 11
6 11 11
7 11 11
8 11 11
9 11 11
24 11 11
28 11 11
29 11 11
30 11 11
31 11 11
3 11 12
4 11 12
5 11 12
6 11 12
7 11 12
8 11 12
9 11 12
24 11 12
29 11 12
30 11 12
31 11 12
32 11 12
9 11 13
10 11 13
11 11 13
12 11 13
20 11 13
21 11 13
22 11 13
23 11 13
24 11 13
29 11 13
30 11 13
31 11 13
32 11 13
33 11 13
12 11 14
13 11 14
14 11 14
15 11 14
16 11 14
17 11 14
18 11 14
18 11 14
19 11 14
20 11 14
15 11 15
16 11 15
17 11 15
18 11 15
15 11 16
16 11 16
17 11 16
18 11 16
18 11 16
16 11 17
17 11 17
18 11 17
9 11 2
10 11 2
11 11 2
12 11 2
13 11 2
14 11 2
15 11 2
16 11 2
17 11 2
18 11 2
18 11 2
19 11 2
20 11 2
21 11 2
22 11 2
23 11 2
24 11 2
8 11 3
9 11 3
24 11 3
25 11 3
7 11 4
8 11 4
25 11 4
26 11 4
6 11 5
7 11 5
25 11 5
26 11 5
27 11 5
4 11 6
5 11 6
6 11 6
7 11 6
26 11 6
27 11 6
28 11 6
3 11 7
4 11 7
5 11 7
6 11 7
7 11 7
26 11 7
28 11 7
29 11 7
3 11 8
3 11 8
4 11 8
7 11 8
26 11 8
29 11 8
3 11 9
3 11 9
4 11 9
7 11 9
25 11 9
26 11 9
27 11 9
29 11 9
30 11 9
3 11 9
3 11 9
7 11 9
8 11 9
25 11 9
27 11 9
28 11 9
30 11 9
3 11 10
3 11 10
4 11 10
8 11 10
25 11 10
28 11 10
30 11 10
3 11 11
3 11 11
4 11 11
5 11 11
6 11 11
7 11 11
8 11 11
9 11 11
24 11 11
25 11 11
28 11 11
29 11 11
30 11 11
31 11 11
3 11 12
4 11 12
5 11 12
6 11 12
7 11 12
8 11 12
9 11 12
24 11 12
29 11 12
30 11 12
31 11 12
32 11 12
9 11 13
10 11 13
11 11 13
12 11 13
20 11 13
21 11 13
22 11 13
23 11 13
24 11 13
29 11 13
30 11 13
31 11 13
32 11 13
33 11 13
12 11 14
13 11 14
14 11 14
15 11 14
16 11 14
18 11 14
18 11 14
19 11 14
20 11 14
15 11 15
16 11 15
17 11 15
18 11 15
15 11 16
16 11 16
18 11 16
18 11 16
16 11 17
17 11 17
18 11 17
9 12 2
10 12 2
11 12 2
12 12 2
13 12 2
14 12 2
15 12 2
16 12 2
17 12 2
18 12 2
18 12 2
19 12 2
20 12 2
21 12 2
22 12 2
23 12 2
24 12 2
8 12 3
9 12 3
24 12 3
25 12 3
7 12 4
8 12 4
25 12 4
26 12 4
6 12 5
7 12 5
25 12 5
26 12 5
27 12 5
4 12 6
5 12 6
6 12 6
7 12 6
26 12 6
27 12 6
28 12 6
3 12 7
4 12 7
5 12 7
6 12 7
7 12 7
26 12 7
28 12 7
29 12 7
3 12 8
3 12 8
4 12 8
7 12 8
25 12 8
26 12 8
29 12 8
3 12 9
3 12 9
4 12 9
7 12 9
25 12 9
26 12 9
27 12 9
28 12 9
29 12 9
30 12 9
3 12 9
3 12 9
7 12 9
8 12 9
25 12 9
28 12 9
29 12 9
30 12 9
3 12 10
3 12 10
8 12 10
24 12 10
25 12 10
28 12 10
29 12 10
30 12 10
3 12 11
3 12 11
4 12 11
5 12 11
6 12 11
7 12 11
8 12 11
9 12 11
24 12 11
29 12 11
30 12 11
31 12 11
3 12 12
4 12 12
5 12 12
6 12 12
7 12 12
8 12 12
9 12 12
24 12 12
29 12 12
30 12 12
31 12 12
32 12 12
9 12 13
10 12 13
11 12 13
12 12 13
13 12 13
20 12 13
21 12 13
22 12 13
23 12 13
24 12 13
30 12 13
31 12 13
32 12 13
13 12 14
14 12 14
15 12 14
16 12 14
17 12 14
18 12 14
18 12 14
19 12 14
20 12 14
16 12 15
17 12 15
18 12 15
15 12 16
16 12 16
17 12 16
18 12 16
16 12 17
17 12 17
9 13 2
10 13 2
11 13 2
12 13 2
13 13 2
14 13 2
15 13 2
16 13 2
17 13 2
18 13 2
18 13 2
19 13 2
20 13 2
21 13 2
22 13 2
23 13 2
8 13 3
9 13 3
23 13 3
24 13 3
25 13 3
7 13 4
8 13 4
24 13 4
25 13 4
7 13 5
25 13 5
26 13 5
7 13 6
25 13 6
26 13 6
27 13 6
7 13 7
25 13 7
26 13 7
27 13 7
28 13 7
7 13 8
25 13 8
26 13 8
27 13 8
28 13 8
29 13 8
7 13 9
8 13 9
25 13 9
27 13 9
28 13 9
29 13 9
8 13 9
25 13 9
28 13 9
29 13 9
8 13 10
24 13 10
25 13 10
8 13 11
9 13 11
24 13 11
9 13 12
23 13 12
24 13 12
9 13 13
10 13 13
11 13 13
12 13 13
13 13 13
20 13 13
21 13 13
22 13 13
23 13 13
13 13 14
14 13 14
15 13 14
16 13 14
17 13 14
18 13 14
18 13 14
19 13 14
20 13 14
17 13 16
10 14 2
11 14 2
12 14 2
13 14 2
14 14 2
15 14 2
16 14 2
17 14 2
18 14 2
18 14 2
19 14 2
20 14 2
21 14 2
22 14 2
23 14 2
8 14 3
9 14 3
10 14 3
23 14 3
24 14 3
8 14 4
9 14 4
24 14 4
25 14 4
7 14 5
8 14 5
25 14 5
26 14 5
7 14 6
25 14 6
26 14 6
7 14 7
25 14 7
26 14 7
7 14 8
8 14 8
25 14 8
8 14 9
25 14 9
8 14 9
24 14 9
25 14 9
8 14 10
9 14 10
24 14 10
9 14 11
23 14 11
24 14 11
9 14 12
10 14 12
23 14 12
24 14 12
10 14 13
11 14 13
12 14 13
13 14 13
14 14 13
19 14 13
20 14 13
21 14 13
22 14 13
23 14 13
13 14 14
14 14 14
15 14 14
16 14 14
17 14 14
18 14 14
18 14 14
19 14 14
10 15 2
11 15 2
12 15 2
13 15 2
14 15 2
15 15 2
16 15 2
17 15 2
18 15 2
18 15 2
19 15 2
20 15 2
21 15 2
22 15 2
23 15 2
9 15 3
10 15 3
22 15 3
23 15 3
24 15 3
8 15 4
9 15 4
24 15 4
25 15 4
7 15 5
8 15 5
24 15 5
25 15 5
7 15 6
8 15 6
25 15 6
7 15 7
8 15 7
25 15 7
8 15 8
25 15 8
8 15 9
9 15 9
24 15 9
25 15 9
8 15 9
9 15 9
24 15 9
25 15 9
9 15 10
23 15 10
24 15 10
9 15 11
10 15 11
23 15 11
24 15 11
10 15 12
22 15 12
23 15 12
10 15 13
11 15 13
12 15 13
13 15 13
14 15 13
15 15 13
16 15 13
17 15 13
18 15 13
18 15 13
19 15 13
20 15 13
21 15 13
22 15 13
23 15 13
15 15 14
16 15 14
17 15 14
18 15 14
18 15 14
11 16 2
12 16 2
13 16 2
14 16 2
15 16 2
16 16 2
17 16 2
18 16 2
18 16 2
19 16 2
20 16 2
21 16 2
22 16 2
9 16 3
10 16 3
11 16 3
21 16 3
22 16 3
23 16 3
8 16 4
9 16 4
10 16 4
23 16 4
24 16 4
8 16 5
9 16 5
24 16 5
25 16 5
8 16 6
24 16 6
25 16 6
8 16 7
24 16 7
25 16 7
8 16 8
9 16 8
24 16 8
25 16 8
8 16 9
9 16 9
24 16 9
9 16 9
10 16 9
23 16 9
24 16 9
9 16 10
10 16 10
23 16 10
24 16 10
10 16 11
11 16 11
22 16 11
23 16 11
10 16 12
11 16 12
21 16 12
22 16 12
11 16 13
12 16 13
13 16 13
14 16 13
15 16 13
16 16 13
17 16 13
18 16 13
18 16 13
19 16 13
20 16 13
21 16 13
22 16 13
12 17 2
13 17 2
14 17 2
15 17 2
16 17 2
17 17 2
18 17 2
18 17 2
19 17 2
20 17 2
21 17 2
10 17 3
11 17 3
12 17 3
13 17 3
20 17 3
21 17 3
22 17 3
23 17 3
9 17 4
10 17 4
11 17 4
22 17 4
23 17 4
24 17 4
9 17 5
10 17 5
23 17 5
24 17 5
8 17 6
9 17 6
23 17 6
24 17 6
8 17 7
9 17 7
23 17 7
24 17 7
9 17 8
10 17 8
23 17 8
24 17 8
9 17 9
10 17 9
23 17 9
24 17 9
9 17 9
10 17 9
11 17 9
22 17 9
23 17 9
10 17 10
11 17 10
22 17 10
23 17 10
10 17 11
11 17 11
12 17 11
21 17 11
22 17 11
11 17 12
12 17 12
13 17 12
20 17 12
21 17 12
22 17 12
12 17 13
13 17 13
14 17 13
15 17 13
16 17 13
17 17 13
18 17 13
18 17 13
19 17 13
20 17 13
21 17 13
13 18 2
14 18 2
15 18 2
16 18 2
17 18 2
18 18 2
18 18 2
19 18 2
11 18 3
12 18 3
13 18 3
14 18 3
15 18 3
18 18 3
18 18 3
19 18 3
20 18 3
21 18 3
22 18 3
10 18 4
11 18 4
12 18 4
21 18 4
22 18 4
23 18 4
9 18 5
10 18 5
11 18 5
22 18 5
23 18 5
9 18 6
10 18 6
22 18 6
23 18 6
9 18 7
10 18 7
22 18 7
23 18 7
9 18 8
10 18 8
11 18 8
22 18 8
23 18 8
10 18 9
11 18 9
22 18 9
23 18 9
10 18 9
11 18 9
12 18 9
21 18 9
22 18 9
11 18 10
12 18 10
20 18 10
21 18 10
22 18 10
11 18 11
12 18 11
13 18 11
14 18 11
19 18 11
20 18 11
21 18 11
12 18 12
13 18 12
14 18 12
15 18 12
16 18 12
18 18 12
18 18 12
19 18 12
20 18 12
13 18 13
14 18 13
15 18 13
16 18 13
17 18 13
18 18 13
18 18 13
19 18 13
16 19 2
17 19 2
13 19 3
14 19 3
15 19 3
16 19 3
17 19 3
18 19 3
18 19 3
19 19 3
20 19 3
11 19 4
12 19 4
13 19 4
14 19 4
15 19 4
18 19 4
19 19 4
20 19 4
21 19 4
22 19 4
10 19 5
11 19 5
12 19 5
20 19 5
21 19 5
22 19 5
10 19 6
11 19 6
12 19 6
21 19 6
22 19 6
10 19 7
11 19 7
12 19 7
21 19 7
22 19 7
10 19 8
11 19 8
12 19 8
20 19 8
21 19 8
22 19 8
11 19 9
12 19 9
13 19 9
20 19 9
21 19 9
22 19 9
12 19 9
13 19 9
14 19 9
19 19 9
20 19 9
21 19 9
12 19 10
13 19 10
14 19 10
15 19 10
16 19 10
17 19 10
18 19 10
18 19 10
19 19 10
20 19 10
21 19 10
13 19 11
14 19 11
15 19 11
16 19 11
17 19 11
18 19 11
18 19 11
19 19 11
20 19 11
14 19 12
15 19 12
16 19 12
17 19 12
18 19 12
18 19 12
15 20 3
16 20 3
17 20 3
18 20 3
13 20 4
14 20 4
15 20 4
16 20 4
17 20 4
18 20 4
18 20 4
19 20 4
20 20 4
12 20 5
13 20 5
14 20 5
15 20 5
16 20 5
17 20 5
18 20 5
18 20 5
19 20 5
20 20 5
21 20 5
12 20 6
13 20 6
14 20 6
19 20 6
20 20 6
21 20 6
12 20 7
13 20 7
14 20 7
18 20 7
19 20 7
20 20 7
21 20 7
12 20 8
13 20 8
14 20 8
15 20 8
16 20 8
18 20 8
18 20 8
19 20 8
20 20 8
21 20 8
12 20 9
13 20 9
14 20 9
15 20 9
16 20 9
17 20 9
18 20 9
18 20 9
19 20 9
20 20 9
13 20 9
14 20 9
15 20 9
16 20 9
17 20 9
18 20 9
18 20 9
19 20 9
14 20 10
15 20 10
16 20 10
17 20 10
18 20 10
18 20 10
14 21 5
15 21 5
16 21 5
17 21 5
18 21 5
18 21 5
14 21 6
15 21 6
16 21 6
17 21 6
18 21 6
18 21 6
19 21 6
14 21 7
15 21 7
16 21 7
17 21 7
18 21 7
18 21 7
19 21 7
15 21 8
16 21 8
17 21 8
18 21 8
18 21 8
16 21 9
17 21 9
