6619 39 35 38
19 0 32
20 0 32
19 0 33
20 0 33
20 0 34
21 0 34
22 0 33
22 0 34
22 0 32
21 0 31
22 0 31
20 0 31
21 0 32
21 0 33
20 1 32
21 1 33
20 1 33
21 1 32
19 1 32
19 1 33
20 1 34
21 1 34
22 1 33
22 1 32
21 1 31
20 1 31
16 0 1
16 0 2
17 0 3
17 0 2
16 0 3
18 0 3
18 0 2
19 0 2
19 0 1
18 0 1
18 0 0
17 0 0
16 0 0
17 0 1
17 1 1
17 1 2
18 1 2
18 1 1
16 1 1
16 1 2
17 1 3
18 1 3
19 1 1
19 1 2
18 1 0
17 1 0
16 1 0
34 0 14
35 0 13
34 0 13
34 0 15
35 0 15
35 0 16
36 0 16
36 0 15
37 0 15
37 0 14
37 0 13
36 0 13
36 0 14
35 0 14
35 1 14
36 1 14
35 1 15
36 1 15
36 1 13
34 1 14
35 1 13
34 1 15
36 1 16
35 1 16
37 1 15
37 1 14
37 1 13
4 0 21
3 0 21
3 0 22
4 0 22
4 0 23
5 0 23
5 0 22
6 0 23
6 0 22
6 0 21
6 0 20
5 0 20
4 0 20
5 0 21
4 1 21
5 1 21
4 1 22
5 1 22
6 1 21
3 1 21
3 1 22
5 1 23
4 1 23
6 1 22
6 1 20
5 1 20
4 1 20
15 1 26
16 1 26
16 1 25
15 1 25
14 1 25
15 1 24
17 1 23
16 1 24
16 1 23
16 1 22
17 1 24
17 1 25
18 1 23
27 1 7
28 1 7
27 1 8
26 1 8
26 1 9
28 1 8
27 1 9
26 1 10
29 1 7
27 1 10
28 1 9
28 1 10
18 1 21
19 1 20
18 1 22
19 1 21
20 1 20
19 1 22
21 1 18
22 1 17
20 1 19
17 1 22
23 1 16
23 1 15
24 1 14
25 1 13
22 1 18
21 1 19
21 1 20
20 1 18
21 1 17
21 1 16
22 1 16
23 1 14
24 1 13
18 1 19
18 1 20
19 1 19
17 1 21
20 1 17
19 1 18
25 1 10
25 1 11
25 1 12
24 1 12
23 1 13
22 1 15
22 1 14
23 1 12
24 1 11
25 1 9
26 1 11
26 1 12
15 9 21
16 9 20
17 9 19
18 9 19
18 9 17
17 9 18
18 9 18
19 9 16
20 9 15
16 9 19
17 9 20
16 9 22
16 9 21
15 9 22
20 9 14
21 9 13
19 9 15
21 9 12
22 9 11
18 9 16
19 9 17
20 9 16
21 9 14
22 9 13
22 9 12
17 9 21
18 9 20
21 9 16
20 9 17
19 9 18
20 9 18
24 9 11
23 9 12
25 9 9
24 9 10
23 9 11
25 9 10
22 9 14
21 9 15
23 9 13
23 9 10
24 9 9
23 9 9
24 9 8
25 9 26
26 8 25
26 9 25
24 9 28
25 9 27
27 9 24
28 9 23
28 9 22
29 9 21
25 8 26
24 8 28
25 8 27
30 9 20
31 9 19
31 9 18
27 8 24
28 8 23
28 8 22
29 8 21
30 8 20
31 8 19
31 8 18
33 8 15
32 8 16
32 8 17
32 9 16
32 9 17
33 9 15
24 1 28
23 1 29
22 1 30
22 1 31
23 1 30
24 1 29
7 1 20
7 1 19
8 1 17
8 1 18
9 1 17
24 9 29
23 9 29
23 9 30
22 9 30
22 9 31
6 9 20
7 9 20
7 9 19
9 9 17
8 9 18
8 9 17
34 1 13
35 1 12
33 1 15
17 1 4
20 1 1
18 1 4
34 9 13
35 9 12
34 9 14
19 9 2
19 9 1
18 9 3
18 9 4
20 9 1
17 9 4
17 9 23
17 9 24
16 9 25
18 9 23
16 9 26
17 9 25
16 9 24
15 9 24
15 9 26
15 9 25
16 9 23
14 9 25
6 8 20
7 8 19
8 8 17
8 8 18
25 9 8
26 9 7
25 9 7
26 9 6
27 9 6
27 9 8
26 9 8
27 9 7
26 9 5
35 8 12
34 8 13
34 8 14
10 1 15
11 1 14
9 1 16
11 1 13
12 1 12
12 1 11
13 1 10
14 1 9
15 1 8
15 1 7
13 1 11
10 1 14
9 1 15
16 1 5
16 1 6
17 1 5
16 1 7
32 1 16
32 1 17
31 1 18
30 1 20
29 1 21
30 1 19
31 1 17
28 1 22
27 1 23
27 1 24
26 1 25
29 1 20
31 1 19
25 1 26
25 1 27
28 1 23
9 9 15
10 9 14
9 9 16
10 9 15
11 9 14
11 9 13
12 9 12
12 9 11
13 9 10
14 9 9
15 9 8
15 9 7
13 9 11
17 9 5
16 9 5
16 9 6
16 9 7
27 9 23
30 9 19
29 9 20
31 9 17
15 8 26
16 8 26
14 8 25
26 8 5
27 8 6
9 8 15
10 8 14
9 8 16
11 8 13
12 8 12
12 8 11
13 8 10
14 8 8
15 8 7
13 8 9
17 8 4
16 8 5
16 8 6
14 9 8
13 9 9
24 8 29
23 8 30
22 8 30
22 8 31
18 8 3
19 8 2
19 8 1
20 8 1
25 5 26
26 5 25
25 6 26
26 6 25
24 6 28
25 5 27
25 6 27
24 7 28
27 6 24
28 6 23
28 6 22
29 6 21
26 7 25
25 7 26
25 7 27
25 4 26
26 3 25
26 4 25
24 5 28
25 4 27
30 6 20
29 7 21
31 6 19
31 6 18
28 7 22
28 7 23
27 7 24
27 4 24
27 5 24
28 4 23
28 5 23
28 4 22
29 3 21
29 4 21
28 5 22
29 5 21
30 5 20
31 5 19
31 5 18
26 2 25
25 3 26
25 3 27
24 3 28
25 2 26
25 2 27
24 2 28
29 2 21
28 3 22
28 3 23
27 3 24
28 2 22
28 2 23
27 2 24
33 3 15
32 4 16
32 3 16
32 4 17
31 4 18
32 3 17
31 3 18
33 2 15
30 3 20
31 3 19
31 2 18
32 2 16
32 2 17
33 5 15
32 5 16
32 5 17
33 4 15
30 4 20
31 4 19
32 6 16
33 6 15
31 7 18
32 6 17
32 7 16
33 7 15
32 7 17
8 6 17
8 5 18
8 6 18
7 5 19
7 6 19
8 7 17
7 7 19
8 7 18
8 5 17
8 4 18
7 3 19
7 4 19
6 6 20
6 5 20
7 2 19
8 3 18
8 3 17
8 2 18
8 2 17
6 3 20
6 4 20
6 2 20
6 7 20
34 5 14
34 6 14
34 5 13
34 6 13
35 6 12
34 7 13
34 7 14
34 4 14
34 3 13
34 4 13
35 7 12
35 4 13
35 5 13
35 3 12
35 4 12
35 5 12
34 2 13
34 3 14
34 2 14
35 2 12
7 8 20
14 8 9
15 8 8
26 8 6
13 7 25
13 7 24
13 8 25
14 7 25
13 8 24
22 7 31
22 7 30
23 7 30
24 7 29
30 7 20
31 7 19
29 7 7
28 7 7
29 8 7
28 8 7
27 7 6
20 7 1
19 7 1
19 7 2
17 7 4
18 7 3
14 7 9
13 7 10
15 7 7
15 7 8
16 7 5
16 7 6
12 7 11
12 7 12
11 7 13
10 7 14
14 7 8
13 7 9
9 7 15
9 7 16
15 7 26
15 6 26
16 7 26
15 5 26
16 6 26
15 4 26
15 3 26
16 5 26
14 6 25
14 5 25
15 2 26
14 2 25
14 3 25
14 4 25
16 3 26
16 2 26
26 7 5
27 6 6
26 6 5
26 5 5
26 4 5
27 5 6
27 4 6
26 3 6
27 3 6
27 2 6
26 2 5
26 3 5
9 2 15
10 2 14
12 2 12
12 2 11
13 2 10
14 1 8
13 1 9
9 2 16
11 2 13
17 2 4
16 2 5
16 2 6
15 2 7
14 2 8
13 2 9
24 2 29
23 2 30
22 2 30
22 2 31
18 2 3
19 2 2
19 2 1
20 2 1
8 1 21
7 1 21
9 1 20
8 1 20
8 1 19
9 1 18
10 1 18
9 1 19
10 1 19
9 1 22
10 1 22
9 1 21
10 1 21
10 1 20
11 1 18
11 1 20
11 1 19
12 1 19
11 1 23
10 1 23
12 1 22
11 1 22
11 1 21
12 1 20
12 1 21
13 1 20
13 1 21
12 1 24
13 1 24
12 1 23
13 1 23
13 1 22
14 1 20
14 1 21
14 1 22
14 1 23
15 1 21
13 1 25
14 1 24
15 1 22
15 1 23
23 1 27
22 1 28
22 1 29
21 1 28
22 1 27
22 1 26
21 1 29
20 1 30
20 1 29
21 1 30
23 1 28
21 1 26
21 1 27
20 1 28
20 1 27
21 1 25
19 1 28
20 1 26
19 1 29
20 1 25
19 1 26
19 1 27
18 1 26
19 1 25
19 1 24
18 1 27
18 1 28
17 1 27
17 1 28
18 1 24
18 1 25
17 1 26
16 1 27
19 1 5
20 1 4
20 1 3
21 1 2
21 1 3
19 1 4
20 1 2
19 1 3
21 1 6
21 1 5
21 1 4
22 1 4
22 1 5
22 1 3
20 1 5
23 1 3
22 1 2
22 1 7
22 1 6
23 1 6
23 1 5
24 1 4
24 1 5
23 1 4
24 1 8
24 1 7
24 1 6
25 1 6
25 1 7
25 1 5
23 1 8
26 1 5
23 1 7
25 1 4
26 1 7
27 1 6
25 1 8
26 1 6
33 1 11
34 1 11
33 1 12
32 1 13
33 1 13
32 1 14
34 1 12
33 1 14
32 1 10
32 1 11
31 1 11
31 1 12
31 1 13
32 1 12
33 1 10
30 1 9
31 1 9
30 1 10
29 1 11
31 1 10
30 1 11
29 1 12
32 1 9
30 1 12
29 1 8
29 1 9
29 1 10
28 1 11
30 1 8
11 1 16
12 1 15
10 1 17
11 1 17
13 1 14
13 1 13
14 1 12
14 1 11
12 1 16
11 1 15
16 1 9
17 1 8
16 1 10
15 1 11
15 1 10
14 1 13
12 1 14
13 1 12
15 1 9
16 1 8
10 1 16
12 1 13
18 1 6
17 1 7
18 1 5
17 1 6
18 1 7
19 1 6
12 1 17
13 1 16
12 1 18
13 1 17
14 1 15
15 1 14
14 1 16
15 1 13
16 1 12
13 1 18
13 1 15
17 1 10
18 1 9
17 1 11
16 1 11
16 1 13
14 1 14
15 1 12
17 1 9
18 1 8
19 1 7
20 1 6
19 1 8
20 1 7
19 1 9
14 1 18
14 1 17
15 1 17
13 1 19
14 1 19
16 1 16
16 1 15
17 1 14
17 1 13
15 1 18
19 1 11
20 1 10
19 1 12
18 1 13
18 1 14
18 1 12
17 1 15
15 1 16
16 1 14
18 1 11
19 1 10
15 1 15
20 1 8
21 1 7
20 1 9
18 1 10
17 1 12
21 1 8
21 1 9
22 1 8
15 1 19
16 1 18
15 1 20
16 1 20
17 1 17
17 1 18
18 1 16
18 1 15
19 1 14
16 1 19
16 1 17
20 1 13
19 1 15
21 1 12
21 1 11
20 1 14
17 1 16
20 1 12
19 1 13
22 1 9
21 1 10
20 1 11
22 1 10
23 1 9
22 1 11
23 1 10
17 1 20
16 1 21
19 1 17
20 1 16
20 1 15
17 1 19
21 1 15
22 1 13
18 1 18
19 1 16
21 1 14
21 1 13
18 1 17
24 1 9
23 1 11
22 1 12
24 1 10
31 1 15
30 1 16
30 1 17
31 1 14
29 1 18
28 1 19
28 1 18
27 1 20
29 1 17
30 1 15
31 1 16
27 1 21
26 1 22
25 1 23
25 1 24
26 1 21
29 1 19
28 1 20
28 1 21
26 1 23
32 1 15
30 1 18
24 1 26
25 1 25
27 1 22
24 1 25
23 1 26
24 1 24
23 1 25
30 1 13
30 1 14
29 1 14
29 1 15
29 1 16
28 1 16
27 1 17
28 1 15
27 1 18
26 1 19
26 1 18
29 1 13
25 1 20
25 1 21
24 1 22
23 1 23
24 1 21
27 1 16
28 1 17
27 1 19
26 1 20
24 1 23
23 1 24
25 1 22
22 1 25
22 1 24
28 1 12
28 1 13
28 1 14
27 1 15
27 1 14
26 1 16
25 1 17
24 1 18
25 1 16
26 1 15
27 1 13
24 1 19
23 1 20
22 1 21
22 1 22
23 1 19
26 1 17
25 1 19
25 1 18
23 1 21
21 1 24
22 1 23
23 1 22
24 1 20
21 1 23
21 1 21
21 1 22
20 1 24
20 1 23
27 1 11
27 1 12
26 1 13
26 1 14
25 1 14
24 1 15
23 1 17
22 1 19
20 1 21
25 1 15
24 1 16
24 1 17
23 1 18
20 1 22
22 1 20
19 1 23
24 9 25
25 9 24
23 9 27
23 9 26
22 9 27
25 9 23
26 9 22
27 9 21
27 9 20
24 9 24
23 9 25
24 9 26
25 9 25
28 9 19
28 9 18
29 9 18
30 9 17
26 9 21
26 9 23
28 9 21
28 9 20
29 9 19
27 9 22
31 9 16
32 9 14
32 9 15
30 9 18
31 9 15
30 9 16
29 9 17
30 9 15
31 9 14
23 9 24
24 9 23
22 9 24
21 9 26
22 9 25
23 9 23
24 9 22
25 9 21
25 9 20
26 9 19
24 9 21
21 9 25
22 9 26
27 9 18
27 9 17
28 9 17
28 9 16
26 9 18
25 9 19
26 9 20
27 9 19
29 9 16
25 9 22
31 9 13
30 9 14
29 9 15
29 9 14
30 9 13
28 9 15
21 9 23
22 9 22
20 9 25
20 9 24
19 9 24
22 9 21
23 9 20
24 9 19
24 9 18
21 9 21
21 9 22
20 9 23
21 9 24
22 9 23
23 9 22
25 9 17
26 9 17
26 9 16
25 9 16
27 9 15
23 9 19
24 9 20
23 9 21
25 9 18
27 9 16
28 9 14
30 9 12
29 9 13
29 9 12
28 9 13
27 9 14
26 9 14
26 9 15
27 9 13
28 9 12
19 9 22
20 9 21
18 9 24
19 9 23
20 9 22
21 9 20
22 9 19
22 9 18
21 9 19
23 9 17
20 9 20
24 9 15
25 9 14
23 9 16
22 9 17
23 9 18
24 9 16
25 9 15
22 9 20
28 9 11
27 9 12
24 9 17
26 9 12
26 9 13
25 9 13
27 9 11
26 9 11
27 9 10
18 9 21
19 9 20
17 9 22
19 9 19
21 9 17
18 9 22
19 9 21
22 9 15
24 9 13
20 9 19
21 9 18
22 9 16
23 9 15
23 9 14
25 9 12
26 9 10
24 9 14
25 9 11
24 9 12
19 9 5
18 9 6
17 9 7
17 9 8
16 9 9
16 9 10
15 9 10
14 9 11
15 9 11
18 9 7
16 9 8
14 9 12
13 9 13
13 9 14
12 9 15
15 9 12
17 9 9
15 9 9
12 9 14
17 9 6
18 9 5
14 9 10
11 9 16
10 9 16
10 9 17
11 9 15
13 9 12
10 9 18
11 9 17
12 9 16
20 9 6
19 9 7
18 9 8
19 9 8
18 9 9
21 9 6
17 9 11
16 9 12
18 9 10
19 9 9
20 9 8
20 9 7
15 9 13
15 9 14
14 9 15
13 9 16
16 9 13
17 9 10
16 9 11
14 9 14
19 9 6
20 9 5
11 9 18
12 9 17
13 9 15
14 9 13
14 9 16
13 9 17
12 9 18
11 9 19
13 9 18
12 9 19
22 9 7
21 9 8
20 9 9
19 9 10
20 9 10
21 9 9
22 9 8
19 9 11
19 9 12
18 9 12
17 9 13
18 9 13
21 9 7
17 9 14
16 9 15
18 9 14
15 9 16
15 9 17
16 9 16
20 9 11
18 9 11
17 9 12
16 9 14
14 9 17
15 9 15
14 9 18
12 9 20
13 9 19
13 9 20
14 9 19
15 9 18
23 9 8
22 9 9
22 9 10
21 9 11
20 9 13
19 9 14
21 9 10
18 9 15
17 9 17
16 9 18
20 9 12
19 9 13
17 9 16
23 9 7
14 9 20
15 9 19
16 9 17
17 9 15
14 9 21
15 9 20
9 9 19
8 9 19
9 9 20
8 9 20
10 9 19
9 9 18
8 9 21
7 9 21
11 9 20
10 9 20
10 9 21
9 9 21
9 9 22
10 9 22
12 9 21
11 9 21
12 9 22
11 9 23
13 9 21
11 9 22
10 9 23
14 9 22
13 9 22
13 9 23
12 9 24
14 9 23
13 9 24
12 9 23
15 9 23
14 9 24
13 9 25
21 9 30
20 9 30
21 9 29
22 9 29
22 9 28
23 9 28
21 9 28
19 9 29
20 9 29
19 9 28
20 9 28
21 9 27
20 9 27
18 9 28
17 9 27
18 9 27
19 9 26
19 9 27
20 9 26
18 9 26
19 9 25
16 9 27
17 9 26
18 9 25
32 9 13
33 9 12
34 9 11
33 9 13
33 9 11
34 9 12
35 9 11
31 9 12
32 9 11
32 9 10
31 9 11
32 9 12
33 9 10
30 9 11
29 9 11
30 9 10
31 9 9
31 9 10
30 9 9
32 9 9
31 9 8
28 9 10
29 9 9
29 9 8
28 9 9
30 9 8
29 9 10
29 9 7
27 9 9
26 9 9
28 9 7
28 9 8
21 9 2
20 9 3
21 9 1
20 9 2
19 9 3
19 9 4
20 9 4
22 9 3
23 9 3
22 9 2
22 9 4
21 9 4
21 9 3
21 9 5
24 9 4
23 9 5
24 9 5
23 9 4
22 9 5
22 9 6
23 9 6
25 9 5
25 9 4
25 9 6
24 9 6
24 9 7
8 8 21
7 8 21
9 8 22
11 8 23
10 8 22
10 8 23
12 8 24
21 8 30
20 8 30
19 8 29
20 8 29
18 8 28
17 8 28
17 9 28
16 8 27
17 8 27
34 8 11
35 8 11
33 8 10
32 8 10
31 8 9
31 8 8
32 8 9
29 8 8
30 8 8
21 8 2
21 8 1
22 8 3
22 8 2
23 8 3
24 8 4
25 8 5
25 8 4
21 7 30
20 7 30
19 7 29
20 7 29
18 7 28
17 7 27
16 7 27
8 7 21
7 7 21
7 7 20
9 7 22
10 7 22
11 7 23
10 7 23
12 7 24
21 7 2
21 7 1
23 7 3
22 7 3
22 7 2
24 7 4
25 7 5
25 7 4
34 7 11
35 7 11
32 7 10
33 7 10
31 7 9
32 7 9
31 7 8
29 7 8
30 7 8
8 6 21
8 5 21
7 6 21
8 4 21
8 3 21
7 5 21
7 6 20
7 5 20
7 2 21
7 3 21
7 2 20
7 4 21
7 3 20
7 4 20
8 2 21
9 6 22
9 5 22
10 6 22
9 4 22
9 3 22
10 5 22
9 5 21
9 2 22
9 3 21
9 4 21
10 3 22
10 2 22
10 6 23
11 6 23
11 5 23
11 4 23
11 3 23
10 5 23
10 4 23
10 3 23
10 2 23
10 4 22
11 2 23
12 6 24
12 5 24
13 6 24
12 4 24
12 3 24
13 5 24
12 2 24
13 3 24
13 2 24
13 6 25
13 5 25
13 4 25
13 3 25
13 2 25
13 4 24
20 2 30
21 2 30
20 2 29
19 2 29
19 2 28
17 2 28
18 2 28
17 2 27
16 2 27
34 6 11
34 5 11
33 6 10
34 4 11
33 5 10
34 3 11
35 6 11
35 5 11
35 3 11
35 4 11
34 2 11
33 4 10
33 3 10
32 6 10
32 5 10
32 6 9
32 4 10
32 5 9
32 3 10
33 2 10
32 2 10
32 4 9
32 3 9
31 6 9
31 5 9
31 6 8
31 4 9
30 5 8
31 3 9
31 2 9
32 2 9
30 4 8
31 3 8
30 3 8
30 6 8
29 6 8
29 5 8
29 6 7
29 4 7
29 5 7
29 3 8
30 2 8
29 2 8
29 3 7
28 6 7
28 5 7
28 4 6
28 4 7
28 3 7
28 2 7
29 2 7
28 2 6
28 3 6
21 2 2
23 2 3
22 2 3
22 2 2
24 2 4
25 2 5
25 2 4
30 2 20
31 2 19
9 4 15
10 5 14
10 4 14
9 3 15
10 3 14
9 4 16
9 3 16
11 3 13
12 3 12
12 3 11
13 3 10
9 5 15
10 6 14
9 5 16
8 4 17
14 3 8
15 3 7
13 3 9
11 5 13
12 5 12
12 5 11
13 6 10
13 5 10
11 4 13
12 4 12
12 4 11
14 5 8
15 5 7
14 4 8
13 5 9
13 4 10
13 4 9
9 6 15
9 6 16
12 6 11
12 6 12
11 6 13
17 6 4
16 5 5
16 6 5
16 5 6
16 6 6
15 6 7
14 6 8
13 6 9
17 5 4
16 4 5
16 4 6
15 4 7
16 3 5
17 3 4
16 3 6
24 4 29
24 3 29
23 5 30
23 4 30
23 3 30
22 3 30
24 5 29
23 6 30
24 4 28
22 3 31
22 6 30
22 5 30
22 5 31
22 4 30
22 4 31
24 6 29
22 6 31
18 4 3
18 3 3
19 5 2
19 4 2
19 3 2
19 3 1
18 5 3
19 6 2
17 4 4
20 3 1
19 6 1
19 5 1
20 5 1
19 4 1
20 4 1
18 6 3
20 6 1
21 3 30
21 5 30
21 4 30
21 6 30
20 3 29
20 4 29
20 5 29
19 3 29
20 5 30
20 6 29
19 6 29
19 5 29
19 4 29
20 6 30
19 3 28
18 4 28
18 3 28
18 5 28
18 6 28
19 4 28
17 3 28
17 6 27
17 5 27
17 4 28
17 5 28
17 3 27
17 4 27
16 3 27
16 6 27
16 5 27
16 4 27
35 2 11
35 1 11
22 3 2
22 3 3
22 4 2
23 3 3
22 4 3
22 5 2
22 6 3
22 6 2
21 6 2
23 6 3
22 5 3
23 5 3
23 4 3
24 3 3
24 3 4
24 4 4
24 6 4
24 5 4
25 5 4
25 3 4
25 4 4
25 3 5
25 4 5
25 6 5
25 6 4
25 5 5
28 1 6
31 1 8
31 2 8
21 3 2
24 1 27
14 1 10
26 1 24
24 9 27
26 9 24
33 9 14
12 9 13
20 3 30
20 4 30
21 5 2
21 4 1
21 4 2
21 3 1
21 2 1
21 1 1
34 1 10
35 3 13
16 4 26
26 4 6
29 4 8
20 15 2
19 15 3
20 15 3
19 15 4
18 15 4
19 15 5
20 16 5
20 15 5
20 15 4
21 15 4
21 15 3
9 15 17
8 15 18
9 15 18
9 15 19
10 15 16
10 15 17
8 15 19
8 15 20
9 15 20
10 15 19
10 16 18
10 15 18
11 16 17
10 16 17
9 15 21
10 15 20
11 15 21
11 15 20
10 15 21
11 15 22
12 15 22
12 15 21
13 16 19
12 16 18
12 16 19
12 16 20
14 16 19
13 16 20
11 16 19
11 16 18
11 16 20
22 15 4
22 15 5
22 15 3
23 15 4
21 16 5
20 16 6
21 16 6
22 16 5
23 16 7
23 16 6
22 16 6
24 15 6
23 15 5
22 16 7
21 16 7
24 15 5
18 15 5
18 15 6
17 15 7
17 15 8
16 15 8
15 15 9
16 15 9
15 15 10
14 15 11
15 16 12
16 16 11
16 16 10
17 16 9
18 16 8
17 16 8
15 16 11
15 16 10
19 16 7
18 16 7
19 16 6
19 15 6
18 15 7
19 16 8
18 16 9
19 16 9
20 16 8
20 16 7
17 16 10
16 16 12
17 16 11
17 16 12
16 16 13
18 16 11
18 16 10
19 16 13
19 16 12
18 16 12
20 16 11
19 16 11
20 16 10
19 16 10
18 16 14
18 16 13
17 16 13
21 16 9
21 16 8
22 16 8
20 16 9
13 15 13
12 15 14
14 15 12
13 15 12
12 15 13
11 15 15
11 15 16
12 15 15
12 16 16
11 16 16
12 16 15
13 16 15
12 16 14
13 16 14
14 16 13
14 16 12
13 16 13
15 16 13
15 16 14
14 16 14
14 16 15
14 16 16
15 16 15
13 16 17
13 16 16
12 16 17
15 16 18
14 16 18
15 16 17
16 16 17
15 16 16
14 16 17
13 16 18
16 16 16
17 16 15
16 16 15
17 16 14
16 16 14
7 15 19
7 15 20
8 15 21
19 15 2
21 15 2
9 15 16
8 15 17
10 15 22
11 15 23
17 15 6
16 15 7
11 15 14
10 15 15
23 15 3
24 15 4
8 14 21
7 14 20
7 14 19
18 14 4
19 14 3
19 14 2
20 14 2
21 14 2
8 14 18
9 14 16
8 14 17
22 14 3
23 14 3
24 14 4
10 14 15
11 14 14
14 14 11
13 14 12
12 14 13
14 15 10
14 14 10
15 14 9
16 14 8
16 14 7
17 14 6
18 14 5
12 15 23
13 15 22
14 15 23
14 15 22
13 15 23
14 15 24
15 15 25
15 15 24
15 15 23
16 16 21
15 16 20
15 16 21
15 16 22
17 16 21
16 16 22
14 16 21
14 16 20
13 16 21
14 16 22
23 16 8
24 16 7
24 16 8
25 15 7
25 16 9
25 16 8
26 16 8
26 15 8
26 15 7
27 15 7
26 15 6
25 15 6
25 15 5
19 16 14
20 16 12
20 16 13
19 16 15
20 16 14
21 16 13
21 16 12
22 16 11
21 16 11
21 16 10
20 16 15
21 16 14
21 16 15
21 16 16
22 16 14
22 16 13
23 16 13
23 16 12
22 16 12
24 16 10
24 16 9
23 16 9
23 16 10
23 16 11
22 16 10
24 16 11
25 16 10
22 16 9
15 16 19
16 16 19
16 16 18
17 16 18
16 16 20
17 16 20
18 16 20
18 16 19
19 16 19
17 16 19
18 16 18
20 16 16
19 16 17
19 16 16
18 16 16
18 16 17
20 16 17
19 16 18
17 16 16
18 16 15
17 16 17
13 15 24
14 15 25
26 15 5
27 15 6
27 14 7
9 14 21
10 14 22
11 14 23
8 12 21
8 13 21
7 13 20
7 12 20
7 13 19
7 12 19
8 13 18
8 12 18
9 13 16
8 13 17
9 12 16
8 12 17
20 12 2
20 13 2
20 13 1
21 14 1
20 12 1
21 13 1
21 12 1
22 13 2
22 12 2
18 12 4
18 13 4
19 13 3
19 12 3
19 13 2
19 12 2
11 12 23
11 13 23
11 13 22
11 14 22
11 12 22
10 13 22
10 12 22
9 13 21
9 12 21
25 12 4
25 13 4
25 14 4
26 13 5
26 12 5
26 14 5
27 14 6
28 13 6
27 13 5
28 12 6
27 12 5
10 13 15
10 12 15
11 13 14
11 12 14
13 14 11
12 14 12
14 13 11
13 13 11
13 13 10
12 13 12
13 12 10
13 12 11
12 12 12
12 13 13
12 12 13
14 13 10
15 13 9
15 13 8
15 14 8
14 12 10
15 12 9
16 13 7
15 12 8
16 12 7
17 13 6
17 12 6
18 13 5
18 12 5
22 14 2
23 12 2
23 13 3
23 12 3
24 13 3
24 12 3
24 14 3
8 10 21
7 10 20
7 10 19
18 10 4
19 10 3
19 10 2
20 10 2
21 10 2
8 10 18
8 10 17
9 10 16
22 10 3
23 10 3
24 10 4
10 10 15
11 10 14
11 10 13
12 10 12
13 10 11
13 10 10
14 10 10
15 10 9
15 10 8
16 10 7
17 10 6
18 10 5
9 10 21
10 10 22
11 10 23
7 11 20
8 11 21
7 11 19
8 11 18
9 11 16
8 11 17
21 11 1
20 11 2
22 11 2
19 11 2
19 11 3
18 11 4
10 11 22
11 11 23
9 11 21
26 11 5
25 11 4
28 11 6
27 11 5
27 10 6
26 10 5
25 10 5
11 12 13
11 11 14
11 11 13
10 11 15
13 11 11
13 11 10
12 11 12
15 11 8
16 11 7
15 11 9
14 11 10
18 11 5
17 11 6
23 11 3
24 11 3
22 10 2
12 14 23
13 14 24
14 14 25
25 14 5
12 12 23
12 13 23
13 12 24
13 13 24
14 12 25
14 13 25
14 10 25
13 10 24
12 10 23
13 11 24
14 11 25
12 11 23
34 15 12
33 15 12
34 15 13
33 15 11
32 15 11
32 15 12
31 16 13
31 15 13
32 15 13
32 15 14
31 15 12
33 15 13
24 15 27
24 15 26
23 15 27
23 15 26
22 15 28
23 15 28
23 15 29
23 16 26
22 15 27
22 16 27
21 15 27
20 15 29
21 15 29
21 15 28
22 15 29
20 15 28
20 15 27
19 15 28
21 16 26
22 16 25
21 16 25
22 16 26
20 16 24
19 16 25
20 16 25
18 15 26
19 15 26
20 16 26
20 15 26
21 16 24
19 15 27
18 15 27
32 15 10
31 15 10
31 15 11
31 15 9
30 15 10
30 15 9
29 15 10
29 16 12
30 16 12
30 16 11
28 16 11
29 16 11
29 16 10
30 16 13
31 16 12
31 15 15
30 15 16
30 15 17
31 15 16
30 16 15
29 16 16
31 15 14
31 16 14
30 16 14
30 15 15
27 16 20
27 16 19
28 16 19
28 16 18
27 15 20
28 15 19
28 15 18
29 16 17
29 15 17
28 16 17
29 15 19
28 15 20
29 15 18
29 16 14
28 16 15
29 16 15
28 16 16
29 16 13
28 16 12
28 16 13
27 16 13
27 16 14
26 16 14
27 16 15
28 16 14
25 16 18
25 16 19
26 16 17
24 16 18
25 16 17
26 16 16
26 16 18
27 16 16
25 16 16
24 16 17
26 16 15
26 16 19
27 16 18
27 16 17
26 15 22
25 15 23
27 15 21
27 15 22
26 15 23
25 15 24
26 15 24
27 16 21
26 16 21
26 16 22
26 16 20
25 16 21
25 16 22
24 16 23
25 16 23
24 16 25
24 15 25
24 16 24
23 16 25
25 15 25
25 16 20
24 16 20
24 16 21
23 16 22
24 16 22
23 16 20
23 16 19
22 16 21
24 16 19
23 16 21
21 16 23
22 16 23
22 16 22
23 16 23
21 16 22
20 16 23
23 16 24
22 16 24
22 15 30
21 15 30
34 15 11
24 15 28
18 15 28
17 15 27
32 15 15
30 15 18
25 15 26
20 14 29
21 14 30
22 14 30
32 14 14
33 14 13
34 14 13
34 14 12
34 14 11
33 14 11
23 14 29
24 14 28
24 14 27
32 14 10
31 14 9
30 14 9
25 14 25
26 14 24
25 14 26
27 14 22
28 14 21
28 15 21
26 14 23
28 14 20
29 14 19
30 14 18
30 14 17
31 14 16
32 14 15
17 15 26
18 15 25
17 15 25
17 15 24
16 15 26
18 16 24
19 16 23
18 16 23
18 16 25
19 16 24
17 16 24
17 16 23
16 15 24
17 16 22
16 16 23
18 16 22
16 15 25
28 16 10
29 15 9
28 15 9
27 16 11
27 16 9
27 16 10
29 15 8
28 15 8
27 15 8
28 15 7
26 16 10
26 16 9
25 16 15
25 16 14
24 16 15
24 16 14
25 16 13
24 16 16
23 16 17
23 16 16
22 16 17
26 16 13
27 16 12
26 16 12
26 16 11
25 16 12
25 16 11
24 16 12
24 16 13
23 16 14
22 16 15
22 16 16
23 16 15
20 16 22
21 16 21
21 16 20
20 16 21
20 16 20
19 16 21
19 16 22
22 16 20
22 16 19
23 16 18
22 16 18
21 16 18
21 16 19
21 16 17
20 16 18
20 16 19
19 16 20
18 16 21
15 15 26
19 14 28
17 14 27
18 14 28
20 12 29
21 12 30
21 13 29
21 13 30
20 13 29
21 14 29
22 12 30
22 13 30
23 12 29
23 13 29
24 12 28
24 13 28
24 12 27
24 13 27
35 12 12
34 12 11
34 13 11
35 13 12
34 12 10
33 13 10
33 12 14
33 13 14
34 12 13
34 13 13
33 14 14
34 12 12
34 13 12
17 12 27
18 12 28
18 13 28
19 12 28
19 13 28
17 13 27
19 12 29
19 13 29
19 14 29
31 12 8
30 12 7
30 13 7
29 12 7
29 13 7
31 13 8
30 14 8
31 14 8
28 14 7
29 14 7
28 13 7
25 13 25
26 13 24
25 12 26
25 13 26
26 12 25
26 13 25
26 12 24
27 13 22
28 13 21
27 12 23
27 13 23
28 12 22
28 13 22
28 12 21
27 14 23
29 12 20
29 13 20
29 12 19
29 13 19
30 12 18
30 13 18
31 12 17
31 13 17
30 13 17
29 14 20
32 12 16
32 13 16
32 12 15
32 13 15
33 12 9
32 12 9
32 13 9
32 14 9
34 13 10
33 14 10
32 12 8
20 10 29
21 10 30
22 10 30
33 10 14
34 10 13
34 10 12
34 10 11
33 10 11
23 10 29
24 10 27
24 10 28
32 10 10
30 10 9
31 10 9
25 10 26
26 10 25
26 10 24
27 10 23
28 10 21
28 10 22
29 10 20
30 10 19
30 10 18
31 10 17
32 10 16
32 10 15
19 10 28
18 10 28
17 10 27
20 11 29
21 11 30
22 11 30
23 11 29
24 11 27
24 11 28
34 11 12
34 11 11
33 11 10
33 11 14
34 11 13
17 11 27
18 11 28
19 11 28
31 11 8
30 11 8
29 11 7
30 10 8
29 10 7
28 10 7
28 11 7
25 11 26
26 11 25
26 11 24
27 11 23
28 11 21
28 11 22
30 12 19
29 11 20
30 11 19
30 11 18
31 11 17
32 11 16
32 11 15
33 12 10
32 11 9
31 11 9
32 10 9
15 14 26
16 14 26
29 14 8
30 15 8
15 13 26
15 12 26
16 12 26
16 13 26
15 10 26
16 10 26
15 11 26
16 11 26
8 1 14
7 1 14
9 1 12
8 1 13
10 1 11
9 1 11
10 1 9
11 1 9
10 1 10
15 1 2
14 1 4
15 1 3
13 1 5
14 1 5
12 1 7
13 1 6
11 1 8
12 1 8
7 1 15
9 1 13
11 1 10
15 1 4
13 1 7
5 1 18
6 1 17
6 1 16
5 1 17
5 1 24
7 1 25
6 1 25
8 1 26
9 1 27
10 1 28
10 1 27
11 1 28
11 1 29
5 2 24
7 2 25
8 2 26
4 2 23
27 1 28
27 1 27
28 1 26
29 1 25
30 1 23
34 1 18
35 1 17
33 1 19
32 1 20
32 1 21
31 1 22
26 1 29
29 1 24
34 1 17
34 1 19
23 1 33
24 1 32
25 1 30
24 1 31
25 1 31
18 1 33
17 1 32
15 1 31
15 1 32
14 1 30
14 1 31
12 1 29
12 1 30
19 1 34
18 2 33
17 2 32
15 2 31
16 1 31
16 1 32
13 1 30
13 1 29
20 2 34
7 1 18
6 1 18
7 1 17
7 1 16
15 17 1
15 18 1
16 17 2
15 17 2
15 18 2
16 18 2
15 19 2
16 19 2
17 19 2
17 18 2
17 18 3
17 17 3
17 16 3
17 17 2
17 15 2
17 16 2
16 16 2
16 15 2
15 16 2
15 16 1
18 16 3
18 15 3
18 13 3
18 14 3
5 15 18
5 15 17
6 15 17
6 15 16
6 14 16
6 14 17
5 14 17
5 14 18
17 15 3
17 14 2
16 14 2
17 14 3
17 13 3
17 13 2
17 9 0
17 8 0
17 7 0
17 6 0
18 9 1
18 8 1
18 8 0
18 9 0
18 7 1
18 6 1
18 6 0
18 7 0
16 13 2
16 12 2
16 11 2
17 11 1
16 11 1
17 12 2
17 11 2
18 12 3
17 12 3
18 11 3
18 11 2
14 18 1
17 19 3
18 17 3
15 15 2
15 15 1
14 17 1
18 17 6
17 17 7
17 16 7
18 16 6
16 17 8
16 16 8
16 17 9
16 16 9
14 17 11
14 17 12
13 17 13
14 16 11
15 17 10
13 13 13
13 13 12
13 14 13
15 13 10
15 14 10
17 13 7
18 13 6
18 14 6
17 14 7
16 13 8
17 10 0
5 2 18
5 2 17
6 2 16
6 2 17
17 4 0
17 3 0
17 2 0
18 4 1
18 3 1
18 3 0
18 4 0
18 2 1
18 2 0
5 4 18
5 4 17
5 5 18
5 5 17
5 6 18
5 6 17
6 6 16
6 6 17
6 5 16
6 5 17
6 4 16
6 4 17
17 10 1
18 10 1
19 10 1
18 10 2
5 10 18
5 10 17
5 11 18
5 11 17
6 11 16
6 11 17
6 10 16
6 10 17
5 12 18
5 12 17
5 13 18
5 13 17
6 13 16
6 12 16
6 12 17
6 13 17
4 19 14
5 19 13
4 19 13
5 19 12
4 18 13
4 18 14
5 18 12
6 19 11
7 19 10
8 20 9
7 19 9
6 19 10
7 19 8
7 18 8
7 18 9
6 18 10
5 19 11
5 18 11
7 17 8
6 17 9
6 17 10
6 18 9
5 17 11
5 17 12
4 17 13
4 17 14
6 20 16
6 20 15
7 20 15
6 20 14
7 20 14
8 20 14
7 20 13
5 20 15
6 20 13
9 20 12
9 21 11
9 20 11
10 21 11
9 21 10
8 20 12
8 20 11
9 20 10
8 20 10
7 20 11
8 20 13
7 20 12
7 20 10
6 20 12
5 20 13
5 20 14
4 20 14
9 18 17
9 19 16
8 19 17
11 19 14
11 19 13
12 19 12
12 20 12
11 20 13
10 20 14
11 20 12
11 20 11
10 20 13
10 20 12
9 20 13
9 20 14
9 20 15
7 20 16
8 19 16
8 20 16
8 20 15
9 16 18
10 17 17
9 17 18
11 17 16
10 18 16
12 17 14
12 17 15
13 18 13
11 18 14
11 16 15
11 17 15
12 18 14
10 17 16
11 18 15
12 19 13
12 18 13
13 18 12
9 18 18
8 1 16
8 1 15
9 1 14
10 1 13
10 1 12
11 1 12
11 1 11
5 15 15
5 15 14
5 15 13
6 15 13
6 15 12
6 15 14
7 15 13
7 15 11
8 15 10
8 15 9
9 15 9
9 15 10
8 15 11
7 15 12
10 15 10
9 15 11
8 15 12
6 15 15
4 16 13
4 16 14
5 16 12
7 17 9
7 16 8
7 16 9
6 16 10
8 16 8
8 16 9
6 16 11
7 15 10
4 15 15
7 15 15
7 15 14
8 15 13
9 15 12
9 14 12
8 14 13
7 14 14
7 14 15
9 4 18
9 4 17
10 4 15
9 5 17
9 5 18
10 5 15
11 4 14
11 5 14
11 6 14
10 6 15
9 6 17
9 6 18
10 11 19
10 11 18
10 11 17
10 12 17
10 12 18
10 12 19
10 11 16
10 12 16
12 11 13
13 11 13
13 12 13
11 11 15
11 12 15
12 13 14
12 12 14
11 13 15
10 13 16
10 13 17
9 13 18
9 13 19
9 12 19
7 4 15
7 3 15
6 3 16
8 4 14
8 3 14
8 4 13
9 4 12
9 3 12
8 3 13
9 2 12
8 2 13
8 2 14
7 2 15
11 2 14
10 2 15
9 2 17
9 2 18
6 9 16
7 9 15
7 8 15
6 8 16
8 9 14
8 8 14
8 9 13
9 9 12
9 8 12
8 8 13
9 6 12
8 6 13
8 7 13
9 7 12
8 6 14
8 7 14
7 6 15
6 7 16
7 7 15
13 10 12
12 10 13
11 10 15
10 10 16
10 10 17
10 10 18
10 10 19
7 11 15
8 11 14
7 10 15
8 10 14
8 11 13
9 11 12
9 10 12
8 10 13
7 13 15
7 12 15
7 13 14
7 12 14
8 13 13
9 13 12
9 12 12
8 12 13
6 9 17
5 9 17
5 9 18
15 19 1
15 15 3
5 15 16
4 15 16
4 16 17
4 16 16
4 17 16
3 17 15
4 16 15
4 18 16
3 18 16
4 18 15
3 18 15
4 19 16
4 20 15
4 19 15
5 20 16
16 8 7
18 10 3
18 18 3
18 19 3
16 19 1
13 17 1
12 18 1
13 17 0
13 18 1
13 18 0
14 18 0
14 17 0
13 16 1
12 16 1
13 16 0
12 17 1
14 16 0
14 15 2
14 15 1
13 15 2
19 10 4
17 12 5
19 17 4
19 16 4
18 16 4
18 17 5
18 16 5
18 19 5
18 19 4
18 18 5
18 18 4
18 18 6
18 17 4
19 17 3
19 18 4
16 20 2
16 21 2
15 21 3
16 21 3
14 21 4
15 21 4
16 21 4
16 20 3
17 20 3
17 20 2
14 21 2
14 20 2
13 21 2
14 20 1
14 19 1
13 20 1
12 20 2
13 20 2
17 5 0
18 5 1
18 5 0
5 7 18
5 7 17
5 8 18
5 8 17
6 8 17
6 7 17
17 7 5
17 6 5
17 8 5
13 8 11
13 7 11
13 6 11
14 6 9
14 15 4
14 15 5
13 15 5
13 15 6
11 15 10
11 15 9
11 15 8
12 15 8
10 15 11
10 15 9
12 15 7
13 15 4
14 15 3
15 20 1
6 1 19
5 1 19
4 9 19
4 10 19
4 9 20
4 10 20
4 8 19
5 6 19
5 7 19
4 6 20
4 7 20
4 7 19
4 6 19
4 8 20
4 4 20
4 4 19
4 5 20
4 5 19
5 3 18
4 2 19
4 3 19
4 1 19
3 9 21
3 10 21
4 9 21
3 9 22
3 10 22
3 8 21
3 6 21
3 7 21
3 6 22
3 7 22
3 8 22
3 5 21
4 4 21
3 4 22
3 4 21
3 5 22
4 3 20
4 3 21
4 2 20
4 2 21
4 2 22
4 3 22
7 1 23
6 1 23
6 1 24
3 33 22
2 33 21
2 33 22
3 33 21
1 33 21
2 33 20
4 33 21
4 33 20
5 33 20
4 33 19
3 33 20
3 33 19
3 33 18
2 33 18
2 33 19
1 33 18
1 32 18
1 32 19
1 33 19
0 32 19
1 33 20
0 32 21
1 32 21
0 32 20
1 32 22
1 32 23
2 32 23
3 33 23
3 10 23
3 9 23
4 9 24
4 10 24
5 9 25
5 10 25
3 8 23
4 8 24
4 8 23
3 7 23
3 6 23
4 6 23
4 7 23
5 6 25
5 7 25
4 7 24
4 6 24
5 8 25
4 5 23
4 4 23
5 4 25
4 4 24
5 4 24
5 5 25
4 5 24
4 3 23
6 2 24
5 3 24
5 3 25
7 1 24
8 1 24
8 1 25
9 1 25
9 1 26
9 1 24
10 1 25
13 1 27
12 1 27
11 1 26
12 1 26
13 1 28
10 1 26
12 1 28
11 1 27
4 33 24
4 33 23
3 32 24
3 32 23
4 32 25
4 32 24
5 33 24
6 9 26
6 10 26
7 9 27
8 9 27
7 10 27
8 10 27
11 9 30
10 9 29
9 9 28
11 10 30
10 10 29
9 10 28
6 8 26
7 8 27
8 8 27
7 8 26
6 6 26
6 7 26
7 7 26
7 6 26
8 6 27
8 7 27
11 6 29
11 7 29
10 7 28
10 6 28
10 7 29
11 8 29
10 8 29
9 8 28
9 7 28
9 6 28
11 8 30
6 5 25
7 5 26
6 6 25
6 5 26
8 5 27
6 4 25
7 4 26
8 4 27
11 4 29
10 4 28
11 5 29
10 5 28
9 4 27
9 5 27
9 6 27
6 3 25
7 3 26
7 3 25
8 3 27
7 2 26
8 2 27
6 2 25
12 2 29
11 2 28
10 2 28
12 3 29
11 3 28
10 3 28
9 2 27
9 3 27
11 3 29
3 11 23
3 11 22
3 11 21
4 11 20
5 11 25
4 11 24
11 11 30
10 11 29
9 11 28
8 11 27
6 11 26
7 11 27
3 12 21
4 12 20
3 12 23
3 12 22
3 13 23
3 13 22
3 13 21
4 13 20
4 12 24
5 12 25
5 13 25
4 13 24
6 12 26
7 12 27
8 12 27
10 12 29
11 12 30
9 12 28
11 13 30
10 13 29
9 13 28
8 13 27
6 13 26
7 13 27
3 14 21
4 14 20
3 14 22
3 14 24
3 14 23
5 14 25
4 14 24
4 14 25
6 14 26
7 14 27
11 14 30
10 14 29
9 14 28
8 14 28
11 15 30
10 15 29
9 15 28
8 15 28
8 15 27
9 14 29
7 15 27
6 15 26
7 15 26
5 15 26
4 15 25
5 15 25
4 13 19
4 14 19
4 11 19
4 12 19
3 15 20
3 16 20
3 15 21
3 16 21
3 15 22
3 16 22
2 17 22
2 17 21
3 17 22
2 17 20
3 17 19
3 17 20
3 15 23
3 15 24
3 16 23
4 15 24
4 16 24
4 17 24
3 17 23
4 16 25
5 16 25
5 16 26
5 17 26
5 17 25
4 17 25
8 30 18
7 30 17
7 31 17
7 31 18
7 30 16
6 31 17
6 30 15
6 31 15
6 31 16
5 31 16
5 32 16
4 32 16
4 32 17
5 32 17
4 33 17
4 33 18
5 33 18
5 32 19
5 33 19
6 32 19
6 32 18
5 32 18
5 31 15
5 30 15
5 30 14
4 30 15
4 31 15
4 30 14
3 30 15
3 31 15
2 31 15
2 31 16
2 32 16
3 31 16
3 32 16
4 15 20
4 15 19
4 15 18
4 16 18
9 14 18
10 14 17
10 14 16
12 14 14
11 14 15
8 20 8
8 19 8
9 20 7
9 19 7
8 19 7
9 19 6
10 20 6
10 19 6
10 20 5
10 19 5
10 19 4
9 18 6
8 18 7
10 18 5
10 18 4
11 18 3
11 20 3
12 19 2
11 19 3
11 19 2
11 20 4
11 19 4
12 18 2
12 19 1
11 18 2
12 17 2
11 17 3
11 17 2
10 17 4
9 17 6
8 17 7
9 17 5
9 18 5
10 21 9
11 21 8
10 21 8
10 21 10
11 21 9
12 21 8
12 21 7
12 21 6
11 21 7
10 20 8
9 20 9
11 21 6
11 21 5
14 21 5
13 21 5
13 21 4
14 21 3
13 21 6
12 21 5
13 21 3
12 20 3
12 20 4
12 21 3
12 21 4
11 20 5
9 20 8
10 20 7
13 19 11
13 20 11
14 19 10
13 20 10
12 20 11
14 19 9
14 20 9
15 20 8
12 20 10
13 20 9
14 20 8
15 20 7
16 20 7
16 20 6
17 20 6
17 20 5
15 20 6
16 20 5
16 20 4
16 21 5
15 21 5
14 21 6
13 21 7
11 21 10
12 21 9
12 20 9
13 21 8
13 20 8
14 21 7
14 18 11
14 18 12
16 18 9
15 18 10
14 18 10
15 18 9
16 18 8
17 18 7
17 18 6
16 18 7
17 19 6
17 19 5
17 19 7
16 19 7
16 19 8
15 19 8
15 19 9
12 1 10
13 1 8
14 1 7
15 1 5
16 1 4
16 1 3
14 1 6
15 1 6
12 1 9
9 15 8
10 15 7
10 15 6
11 15 6
11 15 5
12 15 5
10 15 8
12 15 3
13 15 3
12 15 4
12 15 6
11 15 7
9 16 6
8 16 7
10 17 5
10 16 4
10 16 5
11 16 4
12 16 2
11 16 3
12 16 3
13 15 1
13 16 2
12 15 2
11 15 4
9 15 7
10 15 5
14 14 4
13 14 5
13 14 6
12 14 7
11 14 8
11 14 9
10 14 10
13 4 11
14 4 9
13 5 11
14 5 9
17 4 5
17 5 5
13 11 12
14 11 11
15 11 10
13 12 12
14 12 11
15 12 10
17 11 7
17 12 7
16 11 8
16 12 8
11 4 9
12 4 8
12 3 8
11 3 9
12 4 7
12 3 7
13 4 6
13 3 6
14 4 4
15 4 3
15 3 3
16 4 2
16 3 2
14 3 4
14 4 5
14 3 5
16 2 2
15 2 3
14 2 4
14 2 5
13 2 6
12 2 8
11 2 9
12 2 7
17 2 5
13 2 11
14 2 9
11 9 9
12 9 8
12 8 8
11 8 9
12 9 7
12 8 7
13 9 6
13 8 6
14 9 4
15 9 3
15 8 3
16 9 2
16 8 2
14 8 4
14 9 5
14 8 5
16 6 2
15 6 3
15 7 3
14 6 4
14 7 4
16 7 2
14 6 5
14 7 5
13 6 6
13 7 6
12 6 8
11 6 9
11 7 9
12 7 8
12 6 7
12 7 7
17 10 7
16 10 8
11 11 10
11 11 9
12 11 8
12 11 7
13 11 6
11 10 9
12 10 8
11 10 10
12 10 7
13 10 6
14 11 5
14 11 4
15 11 3
15 10 3
14 10 4
13 11 5
13 10 5
15 10 2
14 10 5
10 13 10
11 13 9
11 13 8
11 12 8
11 13 10
11 12 9
11 12 10
12 13 7
12 12 7
13 12 7
14 13 5
14 13 4
14 13 3
14 12 3
14 12 4
14 12 5
15 12 3
13 13 6
13 12 6
11 11 8
10 8 15
12 8 13
11 8 14
9 8 17
9 8 18
9 7 17
9 7 18
10 7 15
11 7 14
8 5 13
9 5 12
8 5 14
7 5 15
8 15 14
10 9 10
10 9 11
10 10 11
10 10 10
9 14 11
9 4 11
9 3 11
10 4 11
10 3 11
10 2 11
9 2 11
10 8 11
10 6 11
10 7 11
9 6 11
9 7 11
9 11 11
9 10 11
10 11 11
9 13 11
9 12 11
10 12 11
10 4 10
10 5 10
11 5 9
10 5 11
10 6 10
10 13 11
10 14 11
10 2 10
10 7 10
10 8 10
10 11 10
9 5 11
5 3 17
6 3 17
11 3 14
10 3 15
9 3 18
9 3 17
17 3 5
13 3 11
14 3 9
15 14 2
17 9 1
16 9 1
16 10 1
15 9 2
17 4 1
17 5 1
16 4 1
16 5 2
16 5 1
16 6 1
17 6 1
16 2 1
15 13 2
15 13 3
15 14 3
16 3 1
16 8 1
17 8 1
17 7 1
16 7 1
15 11 2
16 10 2
15 12 2
15 5 3
14 5 4
14 5 5
13 5 6
12 5 8
12 5 7
13 13 5
10 3 10
10 4 20
11 4 21
10 5 20
11 5 21
10 6 20
11 6 21
15 6 24
14 6 23
13 6 22
13 6 23
15 5 24
14 5 23
13 5 22
12 6 22
12 5 22
15 4 24
14 4 23
13 4 22
12 4 22
10 2 20
11 2 21
15 2 24
14 2 23
13 2 22
12 2 22
9 16 19
8 18 18
9 17 19
9 14 19
10 11 20
11 11 21
10 12 20
11 12 21
11 11 22
10 12 21
10 13 20
10 13 21
9 13 20
11 13 21
12 13 22
13 13 23
15 13 25
14 13 24
15 12 25
14 12 24
13 12 23
12 12 22
15 11 25
14 11 24
13 11 23
10 10 20
11 10 21
11 10 22
15 10 25
14 10 24
13 10 23
10 7 20
11 7 21
10 8 20
11 8 21
15 8 24
14 8 24
13 8 23
12 8 22
15 7 24
14 7 23
13 7 23
12 7 22
10 3 20
11 3 21
15 3 24
14 3 23
13 3 22
12 3 22
7 31 19
8 30 19
5 33 21
6 32 20
7 32 20
7 33 22
7 32 21
6 33 21
8 32 21
8 31 20
9 30 20
4 33 22
5 33 22
5 33 23
6 33 23
6 33 22
14 1 26
11 1 24
8 1 22
7 1 22
9 1 23
10 1 24
8 1 23
12 1 25
13 1 26
11 1 25
4 21 15
5 21 15
6 21 16
2 19 19
2 19 20
2 19 21
2 20 20
3 20 19
2 19 22
2 20 22
2 20 21
2 22 22
2 22 21
2 21 21
2 21 22
2 22 20
2 21 20
2 22 19
2 21 19
3 21 19
2 20 19
3 19 23
3 20 23
4 19 24
4 20 24
3 20 24
4 22 24
3 22 24
3 21 24
4 21 24
3 22 23
3 21 23
2 22 23
4 19 25
5 19 25
4 20 25
5 20 25
5 19 26
5 20 26
5 22 26
5 22 25
5 21 25
5 21 26
4 22 25
4 21 25
14 16 24
15 16 24
13 16 23
13 16 24
13 17 24
14 17 24
15 17 25
7 20 17
7 19 17
8 19 18
2 18 21
2 18 22
3 18 19
2 18 20
4 18 24
3 18 23
4 25 14
4 26 14
5 26 14
5 25 14
4 27 14
5 27 14
3 28 14
3 29 14
4 29 14
3 30 14
4 28 14
7 29 15
6 29 14
7 28 15
6 28 15
6 27 14
6 29 15
6 28 14
5 29 14
5 28 14
7 27 15
7 26 15
6 25 15
6 26 14
6 27 15
8 26 17
8 27 17
8 27 18
8 26 18
8 28 17
8 29 17
8 29 18
8 28 18
8 28 19
9 27 19
8 26 19
8 27 19
8 27 16
8 26 16
8 28 16
7 29 16
3 26 24
3 25 24
4 25 25
3 24 24
4 24 24
3 23 24
4 23 24
4 23 25
4 24 25
4 26 25
5 23 26
5 23 25
5 25 26
5 26 26
5 24 26
5 24 25
5 25 25
4 22 15
5 22 15
6 22 15
7 22 15
7 22 16
7 21 16
6 21 15
11 17 21
11 18 21
11 18 22
12 17 22
11 19 22
12 18 22
10 20 22
11 20 22
12 18 23
12 17 23
8 20 17
8 21 17
8 22 17
9 21 18
9 20 18
9 22 17
9 19 18
9 18 19
9 19 19
9 20 19
9 18 20
9 19 20
3 16 19
3 17 18
3 17 17
4 17 17
4 17 18
4 20 16
3 29 15
2 30 15
2 29 15
2 30 16
2 29 16
1 30 17
1 30 16
1 31 16
0 32 18
0 31 18
0 31 19
0 30 18
0 30 19
0 30 21
0 31 21
0 31 20
0 30 20
1 31 22
1 30 21
1 30 22
2 30 23
2 31 23
1 31 23
1 30 23
3 31 24
3 30 24
4 30 25
4 31 25
3 31 25
4 21 16
6 30 27
7 30 27
7 31 27
6 31 27
7 30 28
7 31 28
8 30 28
8 31 29
8 31 28
8 32 29
8 32 28
7 32 28
7 32 27
6 32 27
3 25 16
3 26 16
3 26 15
3 25 15
3 27 16
3 27 15
2 28 16
2 28 15
3 28 15
4 25 15
4 22 16
3 18 17
3 18 18
3 19 19
3 19 18
3 19 17
1 30 18
1 29 18
1 29 19
1 28 19
0 29 19
1 28 18
1 27 18
1 27 19
2 25 19
1 25 19
1 26 19
1 26 20
1 27 20
1 26 21
1 27 21
1 28 21
1 28 20
1 29 21
0 29 20
1 29 20
1 29 22
1 28 22
2 28 22
1 27 22
2 26 22
2 26 23
2 27 23
3 27 24
3 28 24
2 28 23
2 29 24
2 29 23
3 29 24
3 29 25
3 28 25
4 27 25
4 28 25
4 29 25
3 20 17
3 20 18
6 29 27
7 29 27
6 28 27
7 28 27
7 29 28
7 28 28
6 27 27
6 26 27
7 26 27
7 27 27
7 26 28
7 27 28
8 26 29
8 27 29
8 27 28
8 26 28
8 28 29
8 28 28
8 29 29
8 29 28
1 29 17
3 21 17
3 21 18
3 22 18
3 22 17
4 23 15
5 23 15
6 23 15
4 24 15
5 24 14
6 24 15
7 24 15
7 23 15
2 23 21
2 23 22
2 24 22
2 24 21
2 23 20
2 24 20
2 25 22
1 25 21
1 25 20
2 24 19
2 23 19
2 23 23
2 25 23
3 24 23
3 23 23
2 24 23
7 23 16
8 23 16
7 25 16
7 24 16
8 25 16
8 24 16
8 25 18
8 24 18
8 24 17
8 25 17
9 24 18
8 23 17
9 23 18
9 22 18
9 23 19
9 24 19
9 25 18
9 25 19
8 25 19
9 25 20
3 23 16
4 23 16
3 24 16
3 24 15
3 23 15
2 23 18
3 23 18
2 25 18
2 24 18
2 25 17
3 24 17
3 25 17
3 23 17
2 30 17
8 30 29
3 20 16
3 19 16
4 18 17
3 22 16
3 21 16
10 14 20
7 33 27
7 33 26
9 33 28
8 33 28
9 33 27
8 33 27
8 33 26
7 16 27
8 16 27
9 16 28
8 16 28
9 17 28
8 17 28
8 17 27
7 17 27
9 33 24
10 32 23
9 33 23
10 33 24
9 32 23
10 31 23
11 33 25
11 32 24
12 32 24
11 31 23
12 30 23
12 31 23
11 30 23
10 30 23
10 31 22
8 34 25
7 34 25
8 34 26
9 34 25
10 34 27
9 34 26
10 34 26
10 33 25
9 33 25
9 34 24
8 34 24
7 19 27
8 19 27
7 20 27
8 20 28
8 19 28
9 19 28
9 20 28
9 22 28
8 22 28
8 21 28
9 21 28
7 22 27
7 21 27
6 19 26
6 18 26
7 18 27
5 18 26
6 17 26
11 27 23
11 26 23
11 27 22
11 28 22
11 26 22
11 26 21
11 27 21
10 28 22
10 29 22
11 25 22
11 25 21
11 24 22
11 24 21
11 25 23
12 25 23
12 24 23
11 22 22
11 23 22
10 23 22
5 30 26
5 29 26
12 14 22
11 14 21
12 16 23
12 16 22
11 16 21
8 18 28
9 18 28
8 18 27
13 21 23
13 20 23
13 21 24
13 20 24
13 19 23
13 21 25
14 21 25
14 20 25
14 20 24
13 19 24
13 18 24
12 18 24
12 19 23
9 31 29
9 31 30
10 31 30
10 32 30
9 32 29
9 26 29
9 27 29
9 26 30
9 27 30
9 28 29
9 28 30
10 26 30
11 26 30
11 27 30
10 27 30
11 28 30
10 28 30
11 30 30
10 30 30
10 29 30
11 29 30
9 29 30
9 29 29
8 25 28
8 25 29
7 25 28
8 24 28
8 23 28
9 24 29
9 23 29
7 24 28
7 23 28
6 25 27
7 25 27
7 24 27
6 24 27
6 23 27
7 23 27
9 22 29
9 30 29
9 30 30
10 32 29
10 33 29
11 33 29
11 33 28
10 33 28
9 15 29
9 16 29
10 16 29
11 15 29
11 16 30
11 16 29
11 17 30
10 17 29
11 17 29
9 17 29
12 33 25
12 32 25
12 33 26
13 32 25
12 31 24
13 31 25
13 33 27
13 33 26
13 32 26
14 31 26
13 30 25
13 30 24
13 31 24
11 34 27
11 34 26
12 34 28
11 34 28
12 34 27
11 33 26
9 19 29
10 19 29
9 20 29
10 20 29
11 19 30
11 20 30
10 20 30
11 22 30
10 22 30
10 21 30
11 21 30
10 22 29
10 21 29
9 21 29
13 29 23
12 29 23
13 29 24
13 28 23
12 28 23
13 28 24
13 29 25
14 29 25
13 27 24
12 27 24
12 27 23
14 22 25
13 22 25
13 22 24
13 23 24
12 22 23
13 22 23
12 23 23
13 23 23
12 24 24
13 24 24
14 14 23
13 14 23
14 14 24
15 14 24
15 14 25
5 32 25
5 32 26
5 33 25
6 32 26
6 33 26
6 33 25
6 16 26
8 32 22
8 31 21
9 31 21
9 31 22
9 30 22
10 30 21
9 30 21
9 31 20
6 33 24
7 33 25
7 33 24
8 33 23
8 33 24
7 33 23
6 20 26
6 20 27
6 22 27
6 21 27
6 22 26
6 21 26
9 29 20
9 28 20
10 29 21
10 28 21
10 28 20
9 27 20
6 23 26
6 25 26
6 24 26
9 21 19
10 20 19
10 21 20
10 20 20
10 21 21
10 20 21
10 19 21
10 19 20
10 18 20
10 17 21
10 17 20
10 16 20
4 30 26
4 31 26
5 31 26
6 31 26
5 27 26
5 28 26
10 22 21
10 23 21
10 22 20
9 22 19
10 23 20
9 24 20
5 18 25
4 18 25
11 21 22
12 21 23
12 20 23
12 19 22
11 29 22
11 28 23
11 23 23
13 26 24
13 25 24
14 26 24
14 25 24
14 24 24
15 26 25
15 25 25
15 24 25
14 24 25
14 23 25
14 23 24
10 27 21
10 26 21
9 26 20
9 27 21
11 19 21
10 18 21
10 25 21
10 25 20
10 24 21
10 24 20
9 17 20
9 16 20
8 29 19
9 28 19
9 29 19
8 33 22
9 32 22
13 30 26
14 30 25
13 30 27
13 29 27
13 29 26
14 29 26
13 21 26
13 21 27
13 22 26
14 21 26
14 20 26
9 30 23
9 29 23
9 29 22
10 29 23
9 21 23
9 21 22
9 22 22
10 22 22
9 22 23
10 21 22
10 21 23
10 22 23
12 25 24
11 25 24
11 25 25
11 26 24
11 26 25
12 26 24
12 26 23
12 16 24
12 16 25
11 16 25
11 17 25
12 17 25
11 16 24
11 17 24
12 17 24
8 25 20
7 25 20
7 25 21
8 26 20
7 26 20
7 26 21
8 26 21
8 25 21
8 17 20
8 17 21
8 18 20
8 18 21
9 18 21
9 17 21
10 18 29
11 18 30
9 18 29
10 25 30
11 25 30
10 25 29
10 24 30
10 23 30
11 24 30
11 23 30
10 24 29
10 23 29
9 25 29
14 18 24
15 18 25
14 18 25
14 19 24
14 19 25
14 27 25
14 27 24
14 28 25
14 22 26
25 1 29
24 1 30
37 17 17
37 17 16
36 17 16
36 18 16
37 18 16
37 18 17
35 19 16
36 19 16
35 18 15
35 19 15
35 17 15
34 18 15
34 17 15
34 16 15
35 16 15
35 15 15
36 16 16
36 15 16
37 16 16
34 15 14
34 14 14
34 13 14
34 14 15
34 15 15
34 16 14
34 17 14
25 15 31
25 14 31
26 14 30
26 15 30
25 15 30
25 14 30
35 15 16
35 14 16
35 14 15
35 13 15
34 13 15
37 9 14
37 8 14
37 6 14
37 7 14
36 9 13
36 8 13
36 6 13
36 7 13
35 9 13
35 8 13
35 6 13
35 7 13
35 12 15
35 13 16
36 12 15
35 12 16
36 12 16
36 11 15
35 11 15
35 11 14
34 12 14
34 12 15
35 12 14
34 11 14
34 19 15
37 16 17
31 17 15
30 16 16
30 17 16
31 16 15
31 16 16
30 17 17
30 16 17
29 16 18
29 17 18
32 16 15
32 16 14
31 13 16
31 14 17
29 13 18
29 14 18
28 13 20
27 13 21
27 14 21
26 17 22
27 17 21
28 17 20
28 16 20
29 17 19
29 16 19
35 10 13
37 10 14
35 2 13
25 2 30
25 2 31
24 2 31
37 4 14
37 3 14
37 2 14
36 4 13
36 3 13
36 4 14
36 3 14
36 2 14
36 2 13
24 4 31
25 4 31
25 5 31
24 5 31
25 4 30
25 5 30
25 6 30
25 6 31
24 6 31
36 10 14
36 10 13
36 9 14
24 10 31
25 10 31
25 10 30
25 11 30
25 11 31
24 11 31
36 10 15
36 11 14
35 10 14
25 12 31
24 12 31
26 12 30
25 12 30
26 13 30
25 13 30
25 13 31
24 13 31
28 19 31
29 19 30
29 18 31
29 18 30
30 19 29
30 19 30
30 18 30
31 18 29
28 17 31
29 17 30
30 17 29
30 18 29
32 17 26
33 17 26
32 17 27
31 17 28
33 18 26
32 18 27
32 18 28
31 18 28
33 18 25
33 19 26
32 18 26
32 20 26
31 20 27
32 19 27
31 19 28
32 19 26
26 20 30
27 20 30
27 20 29
28 20 29
28 20 28
27 20 28
28 20 27
27 20 27
29 20 28
28 20 30
28 20 31
29 20 30
30 20 27
30 20 28
32 20 25
32 21 24
31 21 24
31 20 26
31 21 25
30 20 26
31 20 25
29 21 24
29 21 25
28 20 26
29 21 26
30 21 24
30 21 25
29 20 27
23 18 28
24 19 28
25 19 27
24 19 27
25 20 29
26 20 29
26 20 28
25 19 29
25 20 28
26 20 27
28 20 25
29 20 25
29 20 23
28 20 24
28 20 23
27 20 25
27 20 26
27 20 23
27 19 24
27 19 23
26 19 25
27 20 24
26 20 25
25 19 26
26 20 26
26 19 26
23 16 28
23 17 28
23 17 27
23 16 27
24 17 26
24 16 26
24 18 26
24 18 27
25 18 26
27 19 22
27 18 22
26 18 23
25 18 24
26 19 23
26 19 24
25 18 25
26 17 23
25 16 24
25 17 24
25 17 25
25 16 25
25 1 28
26 1 27
26 1 26
27 1 25
28 1 24
28 1 25
27 1 26
26 1 28
28 1 27
27 15 31
27 15 30
28 15 30
27 15 29
28 15 29
29 15 28
29 15 29
28 15 28
30 15 24
30 15 25
30 15 26
29 15 26
29 15 27
29 15 25
31 15 25
28 15 27
31 15 26
30 15 27
30 15 28
28 16 31
29 16 30
30 16 29
28 15 31
32 15 26
31 15 27
32 16 26
32 16 27
31 16 28
26 15 29
27 15 28
26 14 29
27 14 28
28 14 26
28 15 26
28 14 27
22 4 28
23 4 27
24 4 27
22 5 28
23 5 27
24 5 27
22 6 28
23 6 27
24 6 27
22 11 27
22 12 27
23 12 27
23 11 27
24 11 26
24 12 26
22 13 28
23 13 27
24 13 26
26 13 23
27 12 22
26 12 23
25 12 24
25 13 24
25 12 25
27 11 22
26 11 23
25 11 24
25 11 25
25 3 30
26 3 29
26 4 29
27 3 28
27 4 28
26 2 29
27 2 28
28 2 26
28 2 27
28 3 26
28 3 27
28 4 26
28 4 27
22 2 28
23 2 27
24 2 27
25 9 30
25 8 30
26 8 29
26 9 29
27 8 28
27 9 28
25 7 30
26 6 29
26 7 29
27 6 28
27 7 28
28 6 26
28 7 26
28 7 27
28 6 27
28 8 26
28 8 27
28 9 26
28 9 27
22 10 27
23 10 27
24 10 26
27 10 22
26 10 23
25 10 25
26 11 29
26 10 29
27 11 28
27 10 28
28 10 26
28 10 27
28 11 26
28 11 27
25 10 24
26 12 29
26 13 29
27 12 28
27 13 28
28 12 26
28 12 27
28 13 26
28 13 27
25 9 31
24 9 31
35 15 17
26 15 31
26 16 31
26 16 32
27 16 32
28 17 32
28 16 32
27 17 32
26 17 32
27 18 32
28 18 32
28 19 32
27 19 32
27 20 32
27 20 31
33 9 16
29 8 20
30 8 19
34 19 14
38 17 17
38 18 17
38 18 19
38 18 18
37 17 19
38 17 18
37 15 16
37 15 17
37 16 18
37 15 18
36 15 18
36 15 17
35 15 18
33 10 13
32 10 14
33 11 13
33 17 14
33 16 14
32 17 14
33 19 14
33 20 14
32 19 15
32 19 14
32 20 16
32 20 15
33 20 15
35 20 16
35 21 16
35 20 15
34 21 17
34 21 16
34 21 18
35 21 17
38 19 17
38 20 17
37 20 17
37 21 18
36 21 18
36 21 19
37 20 18
36 20 19
37 20 19
38 20 18
37 5 14
36 5 13
36 6 14
36 5 14
25 7 31
24 7 31
25 8 31
24 8 31
29 6 20
29 7 20
30 6 19
30 7 19
28 8 21
33 8 16
34 15 19
34 15 18
33 15 20
33 15 19
31 15 23
32 15 22
31 15 22
32 15 21
29 15 24
30 15 23
36 19 15
36 20 15
36 20 16
37 19 16
37 19 17
23 1 31
23 1 32
24 10 32
24 9 32
23 10 33
23 9 33
24 8 32
23 8 33
23 6 33
23 7 33
24 6 32
24 7 32
24 5 32
23 5 33
23 5 32
23 4 33
23 4 32
24 4 32
24 3 31
24 3 32
23 3 33
23 2 33
24 2 32
22 10 34
22 9 34
21 10 34
21 10 35
21 9 35
21 9 34
22 8 34
21 8 35
21 8 34
21 6 34
21 7 34
22 6 34
22 7 34
22 6 33
22 5 33
22 5 34
21 5 34
21 4 34
22 4 34
22 3 34
21 3 34
21 2 34
22 2 34
22 2 33
22 1 34
19 1 31
21 33 35
22 33 35
22 33 36
23 33 36
22 33 34
23 33 35
24 33 35
23 32 36
23 32 37
24 32 36
24 33 36
26 32 35
25 33 35
25 32 36
25 33 34
25 33 33
24 33 34
24 33 33
22 33 33
23 33 34
23 33 33
22 32 36
22 32 37
21 32 36
21 33 36
20 32 36
20 10 35
19 10 35
19 9 35
20 9 35
19 10 34
18 10 34
18 9 34
19 9 34
19 8 34
20 8 35
18 8 34
18 6 34
19 6 34
19 7 34
18 7 34
20 6 34
20 7 35
20 5 34
18 6 33
18 5 33
19 5 34
18 4 33
19 4 34
20 4 34
20 3 34
18 3 33
19 3 34
19 2 34
18 1 32
17 1 31
18 1 31
16 1 30
14 1 29
15 1 30
15 1 29
14 1 28
15 1 28
16 1 29
18 1 30
17 1 30
20 33 35
20 33 34
19 33 35
19 33 34
18 33 34
18 32 35
19 32 35
18 32 34
20 32 35
17 10 33
17 9 33
16 10 33
16 9 33
15 10 32
15 9 32
13 10 31
12 10 30
12 9 30
13 9 31
14 10 31
14 9 31
17 8 33
16 8 33
15 8 32
12 8 30
13 8 31
14 8 31
12 6 30
12 7 30
13 6 31
13 7 31
14 6 31
14 7 31
15 6 32
15 7 32
16 6 33
17 6 33
17 7 33
16 7 33
17 5 33
16 5 33
15 5 32
12 5 30
13 5 31
13 5 30
14 5 31
12 4 30
13 4 30
14 4 31
15 4 31
15 4 32
16 4 32
17 4 33
16 4 33
17 3 33
17 3 32
15 3 31
16 3 32
12 3 30
13 3 30
14 3 31
13 2 30
14 2 31
16 2 32
23 11 33
22 11 34
21 11 35
20 11 35
19 11 35
17 11 34
18 11 34
19 11 34
17 10 34
16 11 33
15 11 32
12 11 30
13 11 31
14 11 31
23 12 33
22 12 34
23 13 33
22 13 34
21 13 35
21 12 35
20 12 35
19 12 35
20 13 35
19 13 35
18 13 34
17 12 34
18 12 34
19 13 34
16 12 33
15 12 32
16 13 33
15 13 32
12 13 30
12 12 30
13 12 31
13 13 31
14 13 32
14 12 32
14 12 31
23 14 33
22 14 34
21 14 35
20 14 35
19 14 35
18 14 34
19 14 34
17 13 34
16 14 33
17 14 33
17 14 34
15 14 32
15 14 33
18 15 34
17 15 34
16 15 33
17 15 33
15 15 33
15 15 32
14 15 32
14 15 31
13 15 31
12 15 30
12 15 31
12 14 30
13 14 31
14 14 32
24 13 32
24 14 32
24 14 31
24 11 32
24 12 32
23 15 34
23 16 34
22 16 35
22 15 34
24 17 34
23 17 34
22 17 35
21 17 35
21 16 35
21 15 35
20 15 35
20 16 35
20 17 35
18 17 35
19 17 35
18 16 34
19 16 35
19 15 35
18 17 34
17 17 34
17 16 34
25 32 32
26 32 31
25 32 31
24 33 32
24 32 31
26 31 30
26 30 29
25 31 30
25 30 29
23 30 29
23 31 30
24 31 30
24 30 29
23 32 32
23 32 31
26 32 34
26 32 33
26 33 34
28 31 33
28 30 32
27 31 32
27 31 34
27 31 33
27 32 33
26 30 30
27 30 30
27 31 31
27 30 31
26 32 32
26 33 33
27 32 32
24 15 32
24 15 31
23 15 33
24 15 33
25 15 32
25 16 32
26 16 23
25 14 24
24 14 26
23 14 28
23 14 27
33 17 25
34 17 24
35 17 23
35 17 22
36 17 22
37 17 20
36 17 21
37 18 20
37 18 19
36 18 21
35 18 22
37 18 21
36 18 22
34 18 24
34 18 25
35 18 23
33 21 23
33 20 24
32 20 24
33 20 23
34 21 22
33 21 22
34 21 21
34 20 22
34 20 23
34 20 21
35 20 22
36 20 20
36 20 21
35 21 20
35 21 21
28 20 22
29 20 22
29 20 21
28 19 22
29 19 21
30 20 21
30 20 20
31 20 19
29 20 20
30 20 19
31 20 20
31 21 19
32 21 18
31 20 18
30 21 23
31 21 22
30 21 22
31 21 21
32 21 20
30 21 21
31 21 20
32 21 19
33 21 18
33 21 19
33 21 17
33 21 16
33 20 16
32 20 17
31 20 17
27 18 21
28 18 20
29 18 19
29 18 18
30 18 18
30 18 17
28 19 21
28 19 20
29 19 19
30 19 18
30 19 17
31 19 17
31 19 16
32 18 15
31 18 16
32 18 14
31 18 15
30 18 16
31 17 16
29 1 23
30 1 22
29 1 22
30 1 21
31 1 20
32 1 19
33 1 16
33 1 17
32 1 18
34 1 16
33 1 18
31 1 21
33 1 20
32 15 24
32 15 23
33 15 23
31 15 24
33 15 22
34 15 21
34 15 22
33 15 21
35 15 19
34 15 20
36 15 19
35 15 20
33 16 25
34 16 24
33 16 24
34 16 23
35 16 23
35 16 22
36 16 21
35 16 21
32 15 25
33 15 24
35 15 21
36 15 20
36 16 19
37 16 19
37 16 20
36 16 20
32 15 20
30 14 23
31 14 22
32 14 21
35 14 18
34 14 19
33 14 20
29 4 20
29 5 20
30 4 19
30 5 19
27 11 21
28 11 20
27 12 21
28 12 20
29 11 19
29 11 18
29 12 18
31 12 16
31 11 16
30 11 17
30 4 23
30 3 23
31 3 22
31 4 22
32 3 21
33 3 20
32 4 21
33 4 20
30 2 23
31 2 22
31 2 21
32 2 21
33 2 20
35 2 16
35 2 17
34 2 18
35 3 16
35 3 17
34 3 18
34 2 19
34 3 19
35 4 16
35 4 17
34 4 18
34 4 19
29 2 22
29 2 20
30 2 19
30 9 23
30 8 23
31 8 22
31 8 21
31 9 22
31 9 21
32 8 21
33 8 20
32 9 21
33 9 20
30 7 23
30 6 23
31 6 22
31 7 22
32 7 21
32 6 21
33 6 20
33 7 20
35 6 16
35 7 16
35 7 17
34 7 18
35 6 17
34 6 18
35 8 16
35 8 17
34 8 18
34 7 19
34 6 19
34 8 19
35 9 16
35 9 17
34 9 18
34 9 19
28 10 20
29 10 19
31 10 16
30 11 23
31 11 22
30 10 23
31 10 22
32 11 21
33 11 20
32 11 20
32 10 21
33 10 20
35 10 16
35 10 17
34 10 18
33 10 19
35 11 17
34 11 18
34 11 19
33 11 19
27 10 21
30 10 17
30 13 23
30 12 23
31 12 22
31 13 22
32 13 21
32 12 21
32 12 20
32 13 20
35 12 17
34 12 18
34 12 19
33 12 20
35 12 18
35 13 18
34 13 19
33 13 20
27 8 23
26 8 24
22 7 28
23 7 27
24 7 27
22 8 28
23 8 27
24 8 27
23 8 28
28 5 26
28 5 27
27 5 28
26 5 29
27 15 27
30 1 24
30 9 24
29 9 24
30 10 24
29 10 24
29 10 25
29 9 25
29 14 25
29 3 25
29 4 25
29 2 25
29 8 25
29 6 25
29 7 25
29 11 25
29 12 25
29 13 25
29 4 24
30 5 23
29 5 24
29 5 25
29 6 24
29 13 24
29 14 24
30 2 24
29 2 24
29 7 24
29 8 24
30 8 24
29 11 24
30 11 24
29 12 24
25 3 31
22 3 28
23 3 27
24 3 27
29 3 20
30 3 19
36 14 16
37 9 15
36 9 15
37 4 15
37 5 15
36 6 15
35 5 16
36 5 15
36 4 15
37 10 15
37 2 15
36 2 15
36 13 16
36 11 16
35 14 17
35 13 17
36 3 15
37 3 15
36 8 15
36 7 15
35 11 16
36 10 16
33 9 19
35 5 17
34 5 18
34 5 19
33 5 20
31 5 22
32 5 21
34 13 18
34 14 18
33 14 19
30 3 24
29 3 24
21 4 27
20 4 27
19 4 26
20 5 27
19 5 26
21 5 27
17 4 25
16 4 24
16 5 24
17 5 25
16 5 25
18 4 26
18 5 26
16 6 25
17 6 25
18 6 26
19 6 26
20 6 27
21 6 27
16 2 24
17 2 25
18 2 26
19 2 26
20 2 27
21 2 27
22 16 28
22 17 28
23 19 28
22 18 28
22 14 28
21 13 28
20 11 27
19 11 27
18 11 27
19 12 27
20 12 27
21 12 27
17 12 26
16 12 25
17 11 26
18 12 26
16 13 25
17 13 26
18 13 27
18 13 26
18 12 27
19 13 27
20 13 28
20 13 27
20 10 27
19 10 27
18 10 27
17 10 26
20 7 27
19 7 27
21 7 27
19 8 27
20 8 27
21 8 27
16 7 25
17 7 25
16 8 25
17 8 26
18 7 26
18 8 26
19 3 26
20 3 27
21 3 27
16 3 24
17 3 25
18 3 26
22 30 29
22 31 30
21 30 29
21 31 29
22 31 29
21 32 30
22 32 30
20 33 31
21 33 32
21 32 31
20 32 30
22 33 32
22 32 31
21 33 33
21 33 34
20 33 33
20 33 32
19 33 33
19 1 30
18 1 29
17 1 29
14 1 27
16 1 28
15 1 27
25 20 30
26 20 31
26 21 30
27 21 31
24 19 34
23 19 35
24 20 34
23 20 34
23 20 35
24 22 34
23 22 35
23 21 35
24 21 34
22 22 35
21 22 35
21 21 35
22 21 35
21 20 35
22 20 35
21 19 35
22 19 35
20 19 35
20 20 35
20 22 35
20 21 35
19 22 35
18 21 35
19 21 35
18 20 35
19 20 35
18 19 35
19 19 35
18 19 34
18 20 34
18 22 34
18 21 34
17 22 34
17 21 34
17 20 34
17 19 34
15 16 25
16 16 25
16 17 26
16 16 26
17 16 26
24 19 29
23 19 29
24 20 29
23 18 35
22 18 35
24 18 34
21 18 35
19 18 35
18 18 35
20 18 35
26 26 29
27 26 29
27 25 29
26 27 29
27 27 29
26 28 29
28 26 30
27 25 30
28 27 30
26 29 29
27 29 29
27 29 30
28 29 31
28 29 30
27 28 29
27 28 30
27 27 30
28 28 30
28 29 32
28 28 32
28 28 31
28 27 31
28 26 31
28 25 31
28 25 30
22 26 29
22 26 28
22 27 29
23 27 28
23 27 29
23 28 28
24 26 28
24 27 28
25 27 28
25 26 28
24 28 28
23 26 28
24 29 29
25 29 29
26 28 28
26 26 28
26 27 28
25 28 28
19 26 35
18 25 35
19 25 35
18 26 35
19 24 35
18 24 35
18 23 35
19 23 35
18 23 34
17 26 34
17 25 34
17 24 34
17 23 34
18 24 34
18 22 35
27 21 30
26 21 29
26 22 29
27 22 30
27 22 31
19 17 27
18 17 27
18 18 27
19 18 27
18 19 27
19 19 27
17 17 27
17 18 27
18 20 27
18 20 28
19 20 28
25 21 29
24 21 28
24 20 28
23 20 28
22 21 28
23 21 28
24 22 28
25 22 28
25 21 28
25 22 29
22 19 28
21 18 28
21 19 28
22 20 28
21 17 28
24 16 33
25 17 32
25 17 33
24 17 33
26 18 32
26 20 32
26 19 32
27 30 33
28 30 33
27 30 34
28 29 33
26 31 35
26 31 36
26 30 36
26 30 35
27 29 34
27 29 33
25 31 36
24 32 37
24 31 37
23 30 37
24 30 37
23 31 37
25 30 36
22 31 37
20 31 36
21 31 36
20 30 36
21 30 36
22 30 37
19 31 36
19 31 35
18 31 35
18 30 35
19 30 35
19 30 36
27 21 32
15 32 33
15 31 33
14 32 33
14 31 33
15 31 34
14 32 32
13 32 32
13 31 32
14 31 32
14 30 32
14 30 33
15 30 33
28 25 32
28 26 32
28 27 32
28 28 33
27 28 33
27 27 33
28 27 33
27 25 33
27 25 32
27 26 32
27 26 33
27 22 32
26 18 33
25 18 33
26 19 33
25 19 33
25 29 35
25 29 36
25 28 35
24 29 36
25 28 36
24 28 36
23 29 37
23 29 36
23 28 36
22 26 36
23 26 36
23 27 36
22 27 36
24 26 36
24 27 36
24 26 35
25 25 35
25 27 35
24 27 35
22 29 37
21 29 36
22 29 36
21 28 36
22 28 36
20 29 36
20 28 36
20 26 36
20 27 36
19 27 36
21 26 36
21 27 36
19 29 36
19 29 35
19 28 35
18 28 35
18 29 35
17 28 35
18 27 35
17 27 34
19 27 35
26 20 33
25 20 33
25 20 34
15 29 34
15 29 33
14 29 33
15 28 33
14 28 33
14 29 32
13 29 32
13 28 32
14 28 32
13 26 32
14 26 32
14 27 32
13 27 32
14 26 33
14 27 33
15 26 33
15 27 33
26 24 33
26 25 33
26 26 33
26 27 34
26 26 34
26 25 34
27 27 34
27 28 34
26 28 34
26 29 34
26 28 35
26 29 35
26 27 35
25 26 35
25 25 34
25 26 34
26 21 33
25 21 33
26 22 33
25 22 33
25 22 34
27 23 30
27 23 31
26 23 29
27 23 29
26 24 29
27 24 29
27 24 30
28 23 31
22 23 35
22 22 36
23 23 35
22 23 36
22 24 36
23 24 35
24 23 34
24 23 35
24 25 35
24 24 35
23 25 35
22 25 36
23 25 36
20 23 35
21 23 36
21 25 36
21 24 36
20 24 36
20 25 35
20 24 35
20 25 36
27 23 32
25 23 34
26 23 33
25 24 34
27 30 35
26 30 34
24 30 36
22 30 36
26 21 32
13 30 32
26 22 32
25 30 35
27 24 33
27 24 32
26 23 32
26 24 32
21 14 28
16 33 32
15 33 32
15 33 31
15 33 33
16 33 33
14 33 31
13 33 31
14 33 32
15 16 33
15 16 32
14 16 32
15 17 33
15 17 32
14 17 32
13 17 31
13 16 31
18 31 29
18 31 28
18 32 29
18 30 28
18 30 27
18 31 27
17 30 26
17 31 27
17 30 27
16 32 27
16 33 28
16 33 29
16 32 28
17 33 28
17 32 28
17 33 29
18 33 30
18 33 29
17 33 30
17 32 29
17 34 31
16 33 30
16 34 30
15 33 29
15 34 29
15 34 30
14 34 30
16 34 31
17 34 32
15 19 33
15 19 32
15 20 33
15 20 32
14 19 32
14 20 32
15 21 33
15 22 33
15 21 32
14 22 32
14 21 32
13 22 32
13 21 31
13 20 31
13 19 31
15 18 33
16 18 33
16 19 33
16 17 33
17 18 34
18 29 28
18 28 27
18 28 28
18 27 27
19 28 28
19 28 27
19 27 27
19 26 27
18 26 27
17 26 27
17 27 27
19 25 27
19 24 27
18 25 27
18 24 27
19 23 27
19 23 28
18 23 27
18 22 27
17 24 27
17 25 27
16 30 34
15 30 34
16 29 34
17 30 34
17 29 34
19 14 27
18 14 26
18 14 27
17 14 26
17 16 27
18 16 26
18 17 26
19 16 27
13 18 31
14 18 32
15 18 32
17 21 26
17 20 26
16 20 26
16 21 26
17 19 26
16 19 26
16 18 26
15 19 25
15 20 25
15 20 26
15 21 26
12 31 32
12 31 31
12 32 31
11 32 31
11 31 31
12 27 32
12 26 32
12 28 32
12 27 31
12 26 31
12 28 31
12 29 32
12 29 31
11 29 31
11 30 31
11 28 31
11 26 31
11 27 31
13 25 32
14 25 32
13 24 32
13 23 32
14 23 32
14 24 32
14 25 33
15 23 33
15 25 33
15 24 33
14 24 33
14 23 33
12 30 32
12 30 31
13 32 31
12 33 31
13 33 30
12 34 29
12 33 30
11 33 30
11 32 30
12 16 30
12 17 30
15 32 27
15 33 28
14 33 27
15 31 26
16 30 26
16 31 26
15 30 26
14 30 26
14 32 26
15 32 26
14 34 29
13 34 29
15 34 28
14 34 28
13 34 28
12 19 31
12 20 31
12 22 31
12 21 31
12 19 30
17 29 26
16 29 26
17 28 26
16 28 26
16 27 27
16 27 26
15 29 26
16 24 26
16 24 27
16 23 26
17 24 26
17 23 26
16 22 26
17 22 26
15 22 26
15 23 26
16 14 25
17 14 25
17 32 34
17 33 34
18 33 33
17 33 33
17 33 32
16 32 33
16 32 34
16 16 33
20 31 29
19 32 30
21 30 28
20 30 28
20 30 29
19 30 28
19 30 29
19 31 29
19 33 32
18 33 32
19 33 31
18 33 31
16 20 33
16 22 34
16 21 34
16 22 33
16 21 33
21 29 28
20 29 28
16 23 34
16 26 34
16 25 34
16 24 34
16 25 33
16 23 33
16 24 33
21 20 27
21 20 28
21 21 27
21 21 28
20 18 28
20 19 28
20 19 27
20 20 27
20 21 28
20 20 28
20 17 28
20 17 27
21 16 27
20 16 27
20 18 27
17 31 35
17 30 35
17 31 34
16 31 34
17 28 34
16 27 34
16 28 34
21 24 28
20 23 28
21 23 28
22 23 28
21 22 28
22 22 28
20 22 28
19 22 28
20 14 27
21 14 27
18 18 34
18 21 27
17 20 27
17 19 27
17 18 26
18 29 27
17 28 27
17 29 27
18 22 28
16 26 26
16 25 26
15 24 26
16 25 27
15 23 25
20 27 28
19 29 28
20 28 28
21 27 28
20 26 28
20 25 28
20 24 28
21 25 28
21 16 28
23 29 29
22 28 28
22 29 29
22 27 28
21 28 28
22 29 28
19 33 30
19 32 29
14 30 27
18 29 30
18 30 29
18 29 29
19 29 29
19 22 29
19 21 29
18 21 29
18 22 29
18 21 28
19 21 28
16 25 28
17 25 28
16 26 28
17 26 28
16 26 27
16 16 27
15 17 27
15 16 27
15 17 28
15 16 28
16 16 28
16 17 27
16 17 28
15 17 26
22 24 29
21 25 29
21 25 30
21 26 29
21 26 30
22 25 29
22 25 28
22 17 29
21 18 29
21 17 29
21 17 30
21 18 30
20 18 30
20 18 29
20 17 29
20 17 30
19 29 30
18 30 30
14 21 27
12 18 30
12 18 31
11 25 31
11 23 31
11 24 31
12 25 31
12 24 31
12 23 31
11 22 31
15 19 26
15 18 26
15 27 25
15 28 25
15 28 26
11 24 23
13 28 25
11 19 23
13 23 25
7 25 15
6 25 14
6 24 14
4 24 14
28 24 31
28 24 30
26 25 29
26 25 28
25 25 28
24 25 28
28 24 32
23 25 28
27 24 31
9 31 23
7 34 24
11 31 30
12 33 29
13 34 27
16 30 33
17 33 31
15 21 2
16 20 1
15 20 2
37 20 16
36 21 17
36 20 17
35 21 18
35 21 19
17 20 4
18 20 4
18 20 3
34 20 14
34 20 15
13 19 1
14 19 0
13 19 0
38 19 19
38 19 18
14 16 1
33 18 14
33 15 14
34 18 14
36 21 16
35 21 15
34 21 15
37 21 17
34 21 20
33 21 20
34 21 19
31 21 23
32 21 23
32 21 22
32 21 21
33 21 21
37 19 19
37 19 18
37 19 20
35 19 22
36 19 20
36 19 21
33 20 25
33 19 25
34 19 24
34 19 23
35 19 23
38 16 17
38 16 18
1 31 17
1 31 18
1 32 17
2 32 17
1 33 17
3 33 17
2 33 17
3 32 17
2 27 16
2 26 17
2 27 17
2 26 18
2 27 18
2 28 17
2 29 17
1 28 17
23 28 29
22 24 28
23 23 28
23 24 28
24 24 28
24 23 28
25 23 28
23 22 28
25 24 28
26 24 28
9 19 15
10 19 15
10 19 14
11 19 15
9 19 17
7 16 10
6 15 11
5 16 13
6 31 18
9 16 8
9 16 7
10 16 6
10 4 19
10 5 19
10 6 19
10 2 19
10 7 19
10 8 19
9 8 19
10 3 19
30 20 29
30 19 28
31 16 27
30 16 28
26 31 31
35 20 21
32 20 18
29 19 20
32 16 25
34 16 22
21 11 27
21 10 27
28 30 31
21 22 36
