6619 39 38 35
19 32 0
20 32 0
19 33 0
20 33 0
20 34 0
21 34 0
22 33 0
22 34 0
22 32 0
21 31 0
22 31 0
20 31 0
21 32 0
21 33 0
20 32 1
21 33 1
20 33 1
21 32 1
19 32 1
19 33 1
20 34 1
21 34 1
22 33 1
22 32 1
21 31 1
20 31 1
16 1 0
16 2 0
17 3 0
17 2 0
16 3 0
18 3 0
18 2 0
19 2 0
19 1 0
18 1 0
18 0 0
17 0 0
16 0 0
17 1 0
17 1 1
17 2 1
18 2 1
18 1 1
16 1 1
16 2 1
17 3 1
18 3 1
19 1 1
19 2 1
18 0 1
17 0 1
16 0 1
34 14 0
35 13 0
34 13 0
34 15 0
35 15 0
35 16 0
36 16 0
36 15 0
37 15 0
37 14 0
37 13 0
36 13 0
36 14 0
35 14 0
35 14 1
36 14 1
35 15 1
36 15 1
36 13 1
34 14 1
35 13 1
34 15 1
36 16 1
35 16 1
37 15 1
37 14 1
37 13 1
4 21 0
3 21 0
3 22 0
4 22 0
4 23 0
5 23 0
5 22 0
6 23 0
6 22 0
6 21 0
6 20 0
5 20 0
4 20 0
5 21 0
4 21 1
5 21 1
4 22 1
5 22 1
6 21 1
3 21 1
3 22 1
5 23 1
4 23 1
6 22 1
6 20 1
5 20 1
4 20 1
15 26 1
16 26 1
16 25 1
15 25 1
14 25 1
15 24 1
17 23 1
16 24 1
16 23 1
16 22 1
17 24 1
17 25 1
18 23 1
27 7 1
28 7 1
27 8 1
26 8 1
26 9 1
28 8 1
27 9 1
26 10 1
29 7 1
27 10 1
28 9 1
28 10 1
18 21 1
19 20 1
18 22 1
19 21 1
20 20 1
19 22 1
21 18 1
22 17 1
20 19 1
17 22 1
23 16 1
23 15 1
24 14 1
25 13 1
22 18 1
21 19 1
21 20 1
20 18 1
21 17 1
21 16 1
22 16 1
23 14 1
24 13 1
18 19 1
18 20 1
19 19 1
17 21 1
20 17 1
19 18 1
25 10 1
25 11 1
25 12 1
24 12 1
23 13 1
22 15 1
22 14 1
23 12 1
24 11 1
25 9 1
26 11 1
26 12 1
15 21 9
16 20 9
17 19 9
18 19 9
18 17 9
17 18 9
18 18 9
19 16 9
20 15 9
16 19 9
17 20 9
16 22 9
16 21 9
15 22 9
20 14 9
21 13 9
19 15 9
21 12 9
22 11 9
18 16 9
19 17 9
20 16 9
21 14 9
22 13 9
22 12 9
17 21 9
18 20 9
21 16 9
20 17 9
19 18 9
20 18 9
24 11 9
23 12 9
25 9 9
24 10 9
23 11 9
25 10 9
22 14 9
21 15 9
23 13 9
23 10 9
24 9 9
23 9 9
24 8 9
25 26 9
26 25 8
26 25 9
24 28 9
25 27 9
27 24 9
28 23 9
28 22 9
29 21 9
25 26 8
24 28 8
25 27 8
30 20 9
31 19 9
31 18 9
27 24 8
28 23 8
28 22 8
29 21 8
30 20 8
31 19 8
31 18 8
33 15 8
32 16 8
32 17 8
32 16 9
32 17 9
33 15 9
24 28 1
23 29 1
22 30 1
22 31 1
23 30 1
24 29 1
7 20 1
7 19 1
8 17 1
8 18 1
9 17 1
24 29 9
23 29 9
23 30 9
22 30 9
22 31 9
6 20 9
7 20 9
7 19 9
9 17 9
8 18 9
8 17 9
34 13 1
35 12 1
33 15 1
17 4 1
20 1 1
18 4 1
34 13 9
35 12 9
34 14 9
19 2 9
19 1 9
18 3 9
18 4 9
20 1 9
17 4 9
17 23 9
17 24 9
16 25 9
18 23 9
16 26 9
17 25 9
16 24 9
15 24 9
15 26 9
15 25 9
16 23 9
14 25 9
6 20 8
7 19 8
8 17 8
8 18 8
25 8 9
26 7 9
25 7 9
26 6 9
27 6 9
27 8 9
26 8 9
27 7 9
26 5 9
35 12 8
34 13 8
34 14 8
10 15 1
11 14 1
9 16 1
11 13 1
12 12 1
12 11 1
13 10 1
14 9 1
15 8 1
15 7 1
13 11 1
10 14 1
9 15 1
16 5 1
16 6 1
17 5 1
16 7 1
32 16 1
32 17 1
31 18 1
30 20 1
29 21 1
30 19 1
31 17 1
28 22 1
27 23 1
27 24 1
26 25 1
29 20 1
31 19 1
25 26 1
25 27 1
28 23 1
9 15 9
10 14 9
9 16 9
10 15 9
11 14 9
11 13 9
12 12 9
12 11 9
13 10 9
14 9 9
15 8 9
15 7 9
13 11 9
17 5 9
16 5 9
16 6 9
16 7 9
27 23 9
30 19 9
29 20 9
31 17 9
15 26 8
16 26 8
14 25 8
26 5 8
27 6 8
9 15 8
10 14 8
9 16 8
11 13 8
12 12 8
12 11 8
13 10 8
14 8 8
15 7 8
13 9 8
17 4 8
16 5 8
16 6 8
14 8 9
13 9 9
24 29 8
23 30 8
22 30 8
22 31 8
18 3 8
19 2 8
19 1 8
20 1 8
25 26 5
26 25 5
25 26 6
26 25 6
24 28 6
25 27 5
25 27 6
24 28 7
27 24 6
28 23 6
28 22 6
29 21 6
26 25 7
25 26 7
25 27 7
25 26 4
26 25 3
26 25 4
24 28 5
25 27 4
30 20 6
29 21 7
31 19 6
31 18 6
28 22 7
28 23 7
27 24 7
27 24 4
27 24 5
28 23 4
28 23 5
28 22 4
29 21 3
29 21 4
28 22 5
29 21 5
30 20 5
31 19 5
31 18 5
26 25 2
25 26 3
25 27 3
24 28 3
25 26 2
25 27 2
24 28 2
29 21 2
28 22 3
28 23 3
27 24 3
28 22 2
28 23 2
27 24 2
33 15 3
32 16 4
32 16 3
32 17 4
31 18 4
32 17 3
31 18 3
33 15 2
30 20 3
31 19 3
31 18 2
32 16 2
32 17 2
33 15 5
32 16 5
32 17 5
33 15 4
30 20 4
31 19 4
32 16 6
33 15 6
31 18 7
32 17 6
32 16 7
33 15 7
32 17 7
8 17 6
8 18 5
8 18 6
7 19 5
7 19 6
8 17 7
7 19 7
8 18 7
8 17 5
8 18 4
7 19 3
7 19 4
6 20 6
6 20 5
7 19 2
8 18 3
8 17 3
8 18 2
8 17 2
6 20 3
6 20 4
6 20 2
6 20 7
34 14 5
34 14 6
34 13 5
34 13 6
35 12 6
34 13 7
34 14 7
34 14 4
34 13 3
34 13 4
35 12 7
35 13 4
35 13 5
35 12 3
35 12 4
35 12 5
34 13 2
34 14 3
34 14 2
35 12 2
7 20 8
14 9 8
15 8 8
26 6 8
13 25 7
13 24 7
13 25 8
14 25 7
13 24 8
22 31 7
22 30 7
23 30 7
24 29 7
30 20 7
31 19 7
29 7 7
28 7 7
29 7 8
28 7 8
27 6 7
20 1 7
19 1 7
19 2 7
17 4 7
18 3 7
14 9 7
13 10 7
15 7 7
15 8 7
16 5 7
16 6 7
12 11 7
12 12 7
11 13 7
10 14 7
14 8 7
13 9 7
9 15 7
9 16 7
15 26 7
15 26 6
16 26 7
15 26 5
16 26 6
15 26 4
15 26 3
16 26 5
14 25 6
14 25 5
15 26 2
14 25 2
14 25 3
14 25 4
16 26 3
16 26 2
26 5 7
27 6 6
26 5 6
26 5 5
26 5 4
27 6 5
27 6 4
26 6 3
27 6 3
27 6 2
26 5 2
26 5 3
9 15 2
10 14 2
12 12 2
12 11 2
13 10 2
14 8 1
13 9 1
9 16 2
11 13 2
17 4 2
16 5 2
16 6 2
15 7 2
14 8 2
13 9 2
24 29 2
23 30 2
22 30 2
22 31 2
18 3 2
19 2 2
19 1 2
20 1 2
8 21 1
7 21 1
9 20 1
8 20 1
8 19 1
9 18 1
10 18 1
9 19 1
10 19 1
9 22 1
10 22 1
9 21 1
10 21 1
10 20 1
11 18 1
11 20 1
11 19 1
12 19 1
11 23 1
10 23 1
12 22 1
11 22 1
11 21 1
12 20 1
12 21 1
13 20 1
13 21 1
12 24 1
13 24 1
12 23 1
13 23 1
13 22 1
14 20 1
14 21 1
14 22 1
14 23 1
15 21 1
13 25 1
14 24 1
15 22 1
15 23 1
23 27 1
22 28 1
22 29 1
21 28 1
22 27 1
22 26 1
21 29 1
20 30 1
20 29 1
21 30 1
23 28 1
21 26 1
21 27 1
20 28 1
20 27 1
21 25 1
19 28 1
20 26 1
19 29 1
20 25 1
19 26 1
19 27 1
18 26 1
19 25 1
19 24 1
18 27 1
18 28 1
17 27 1
17 28 1
18 24 1
18 25 1
17 26 1
16 27 1
19 5 1
20 4 1
20 3 1
21 2 1
21 3 1
19 4 1
20 2 1
19 3 1
21 6 1
21 5 1
21 4 1
22 4 1
22 5 1
22 3 1
20 5 1
23 3 1
22 2 1
22 7 1
22 6 1
23 6 1
23 5 1
24 4 1
24 5 1
23 4 1
24 8 1
24 7 1
24 6 1
25 6 1
25 7 1
25 5 1
23 8 1
26 5 1
23 7 1
25 4 1
26 7 1
27 6 1
25 8 1
26 6 1
33 11 1
34 11 1
33 12 1
32 13 1
33 13 1
32 14 1
34 12 1
33 14 1
32 10 1
32 11 1
31 11 1
31 12 1
31 13 1
32 12 1
33 10 1
30 9 1
31 9 1
30 10 1
29 11 1
31 10 1
30 11 1
29 12 1
32 9 1
30 12 1
29 8 1
29 9 1
29 10 1
28 11 1
30 8 1
11 16 1
12 15 1
10 17 1
11 17 1
13 14 1
13 13 1
14 12 1
14 11 1
12 16 1
11 15 1
16 9 1
17 8 1
16 10 1
15 11 1
15 10 1
14 13 1
12 14 1
13 12 1
15 9 1
16 8 1
10 16 1
12 13 1
18 6 1
17 7 1
18 5 1
17 6 1
18 7 1
19 6 1
12 17 1
13 16 1
12 18 1
13 17 1
14 15 1
15 14 1
14 16 1
15 13 1
16 12 1
13 18 1
13 15 1
17 10 1
18 9 1
17 11 1
16 11 1
16 13 1
14 14 1
15 12 1
17 9 1
18 8 1
19 7 1
20 6 1
19 8 1
20 7 1
19 9 1
14 18 1
14 17 1
15 17 1
13 19 1
14 19 1
16 16 1
16 15 1
17 14 1
17 13 1
15 18 1
19 11 1
20 10 1
19 12 1
18 13 1
18 14 1
18 12 1
17 15 1
15 16 1
16 14 1
18 11 1
19 10 1
15 15 1
20 8 1
21 7 1
20 9 1
18 10 1
17 12 1
21 8 1
21 9 1
22 8 1
15 19 1
16 18 1
15 20 1
16 20 1
17 17 1
17 18 1
18 16 1
18 15 1
19 14 1
16 19 1
16 17 1
20 13 1
19 15 1
21 12 1
21 11 1
20 14 1
17 16 1
20 12 1
19 13 1
22 9 1
21 10 1
20 11 1
22 10 1
23 9 1
22 11 1
23 10 1
17 20 1
16 21 1
19 17 1
20 16 1
20 15 1
17 19 1
21 15 1
22 13 1
18 18 1
19 16 1
21 14 1
21 13 1
18 17 1
24 9 1
23 11 1
22 12 1
24 10 1
31 15 1
30 16 1
30 17 1
31 14 1
29 18 1
28 19 1
28 18 1
27 20 1
29 17 1
30 15 1
31 16 1
27 21 1
26 22 1
25 23 1
25 24 1
26 21 1
29 19 1
28 20 1
28 21 1
26 23 1
32 15 1
30 18 1
24 26 1
25 25 1
27 22 1
24 25 1
23 26 1
24 24 1
23 25 1
30 13 1
30 14 1
29 14 1
29 15 1
29 16 1
28 16 1
27 17 1
28 15 1
27 18 1
26 19 1
26 18 1
29 13 1
25 20 1
25 21 1
24 22 1
23 23 1
24 21 1
27 16 1
28 17 1
27 19 1
26 20 1
24 23 1
23 24 1
25 22 1
22 25 1
22 24 1
28 12 1
28 13 1
28 14 1
27 15 1
27 14 1
26 16 1
25 17 1
24 18 1
25 16 1
26 15 1
27 13 1
24 19 1
23 20 1
22 21 1
22 22 1
23 19 1
26 17 1
25 19 1
25 18 1
23 21 1
21 24 1
22 23 1
23 22 1
24 20 1
21 23 1
21 21 1
21 22 1
20 24 1
20 23 1
27 11 1
27 12 1
26 13 1
26 14 1
25 14 1
24 15 1
23 17 1
22 19 1
20 21 1
25 15 1
24 16 1
24 17 1
23 18 1
20 22 1
22 20 1
19 23 1
24 25 9
25 24 9
23 27 9
23 26 9
22 27 9
25 23 9
26 22 9
27 21 9
27 20 9
24 24 9
23 25 9
24 26 9
25 25 9
28 19 9
28 18 9
29 18 9
30 17 9
26 21 9
26 23 9
28 21 9
28 20 9
29 19 9
27 22 9
31 16 9
32 14 9
32 15 9
30 18 9
31 15 9
30 16 9
29 17 9
30 15 9
31 14 9
23 24 9
24 23 9
22 24 9
21 26 9
22 25 9
23 23 9
24 22 9
25 21 9
25 20 9
26 19 9
24 21 9
21 25 9
22 26 9
27 18 9
27 17 9
28 17 9
28 16 9
26 18 9
25 19 9
26 20 9
27 19 9
29 16 9
25 22 9
31 13 9
30 14 9
29 15 9
29 14 9
30 13 9
28 15 9
21 23 9
22 22 9
20 25 9
20 24 9
19 24 9
22 21 9
23 20 9
24 19 9
24 18 9
21 21 9
21 22 9
20 23 9
21 24 9
22 23 9
23 22 9
25 17 9
26 17 9
26 16 9
25 16 9
27 15 9
23 19 9
24 20 9
23 21 9
25 18 9
27 16 9
28 14 9
30 12 9
29 13 9
29 12 9
28 13 9
27 14 9
26 14 9
26 15 9
27 13 9
28 12 9
19 22 9
20 21 9
18 24 9
19 23 9
20 22 9
21 20 9
22 19 9
22 18 9
21 19 9
23 17 9
20 20 9
24 15 9
25 14 9
23 16 9
22 17 9
23 18 9
24 16 9
25 15 9
22 20 9
28 11 9
27 12 9
24 17 9
26 12 9
26 13 9
25 13 9
27 11 9
26 11 9
27 10 9
18 21 9
19 20 9
17 22 9
19 19 9
21 17 9
18 22 9
19 21 9
22 15 9
24 13 9
20 19 9
21 18 9
22 16 9
23 15 9
23 14 9
25 12 9
26 10 9
24 14 9
25 11 9
24 12 9
19 5 9
18 6 9
17 7 9
17 8 9
16 9 9
16 10 9
15 10 9
14 11 9
15 11 9
18 7 9
16 8 9
14 12 9
13 13 9
13 14 9
12 15 9
15 12 9
17 9 9
15 9 9
12 14 9
17 6 9
18 5 9
14 10 9
11 16 9
10 16 9
10 17 9
11 15 9
13 12 9
10 18 9
11 17 9
12 16 9
20 6 9
19 7 9
18 8 9
19 8 9
18 9 9
21 6 9
17 11 9
16 12 9
18 10 9
19 9 9
20 8 9
20 7 9
15 13 9
15 14 9
14 15 9
13 16 9
16 13 9
17 10 9
16 11 9
14 14 9
19 6 9
20 5 9
11 18 9
12 17 9
13 15 9
14 13 9
14 16 9
13 17 9
12 18 9
11 19 9
13 18 9
12 19 9
22 7 9
21 8 9
20 9 9
19 10 9
20 10 9
21 9 9
22 8 9
19 11 9
19 12 9
18 12 9
17 13 9
18 13 9
21 7 9
17 14 9
16 15 9
18 14 9
15 16 9
15 17 9
16 16 9
20 11 9
18 11 9
17 12 9
16 14 9
14 17 9
15 15 9
14 18 9
12 20 9
13 19 9
13 20 9
14 19 9
15 18 9
23 8 9
22 9 9
22 10 9
21 11 9
20 13 9
19 14 9
21 10 9
18 15 9
17 17 9
16 18 9
20 12 9
19 13 9
17 16 9
23 7 9
14 20 9
15 19 9
16 17 9
17 15 9
14 21 9
15 20 9
9 19 9
8 19 9
9 20 9
8 20 9
10 19 9
9 18 9
8 21 9
7 21 9
11 20 9
10 20 9
10 21 9
9 21 9
9 22 9
10 22 9
12 21 9
11 21 9
12 22 9
11 23 9
13 21 9
11 22 9
10 23 9
14 22 9
13 22 9
13 23 9
12 24 9
14 23 9
13 24 9
12 23 9
15 23 9
14 24 9
13 25 9
21 30 9
20 30 9
21 29 9
22 29 9
22 28 9
23 28 9
21 28 9
19 29 9
20 29 9
19 28 9
20 28 9
21 27 9
20 27 9
18 28 9
17 27 9
18 27 9
19 26 9
19 27 9
20 26 9
18 26 9
19 25 9
16 27 9
17 26 9
18 25 9
32 13 9
33 12 9
34 11 9
33 13 9
33 11 9
34 12 9
35 11 9
31 12 9
32 11 9
32 10 9
31 11 9
32 12 9
33 10 9
30 11 9
29 11 9
30 10 9
31 9 9
31 10 9
30 9 9
32 9 9
31 8 9
28 10 9
29 9 9
29 8 9
28 9 9
30 8 9
29 10 9
29 7 9
27 9 9
26 9 9
28 7 9
28 8 9
21 2 9
20 3 9
21 1 9
20 2 9
19 3 9
19 4 9
20 4 9
22 3 9
23 3 9
22 2 9
22 4 9
21 4 9
21 3 9
21 5 9
24 4 9
23 5 9
24 5 9
23 4 9
22 5 9
22 6 9
23 6 9
25 5 9
25 4 9
25 6 9
24 6 9
24 7 9
8 21 8
7 21 8
9 22 8
11 23 8
10 22 8
10 23 8
12 24 8
21 30 8
20 30 8
19 29 8
20 29 8
18 28 8
17 28 8
17 28 9
16 27 8
17 27 8
34 11 8
35 11 8
33 10 8
32 10 8
31 9 8
31 8 8
32 9 8
29 8 8
30 8 8
21 2 8
21 1 8
22 3 8
22 2 8
23 3 8
24 4 8
25 5 8
25 4 8
21 30 7
20 30 7
19 29 7
20 29 7
18 28 7
17 27 7
16 27 7
8 21 7
7 21 7
7 20 7
9 22 7
10 22 7
11 23 7
10 23 7
12 24 7
21 2 7
21 1 7
23 3 7
22 3 7
22 2 7
24 4 7
25 5 7
25 4 7
34 11 7
35 11 7
32 10 7
33 10 7
31 9 7
32 9 7
31 8 7
29 8 7
30 8 7
8 21 6
8 21 5
7 21 6
8 21 4
8 21 3
7 21 5
7 20 6
7 20 5
7 21 2
7 21 3
7 20 2
7 21 4
7 20 3
7 20 4
8 21 2
9 22 6
9 22 5
10 22 6
9 22 4
9 22 3
10 22 5
9 21 5
9 22 2
9 21 3
9 21 4
10 22 3
10 22 2
10 23 6
11 23 6
11 23 5
11 23 4
11 23 3
10 23 5
10 23 4
10 23 3
10 23 2
10 22 4
11 23 2
12 24 6
12 24 5
13 24 6
12 24 4
12 24 3
13 24 5
12 24 2
13 24 3
13 24 2
13 25 6
13 25 5
13 25 4
13 25 3
13 25 2
13 24 4
20 30 2
21 30 2
20 29 2
19 29 2
19 28 2
17 28 2
18 28 2
17 27 2
16 27 2
34 11 6
34 11 5
33 10 6
34 11 4
33 10 5
34 11 3
35 11 6
35 11 5
35 11 3
35 11 4
34 11 2
33 10 4
33 10 3
32 10 6
32 10 5
32 9 6
32 10 4
32 9 5
32 10 3
33 10 2
32 10 2
32 9 4
32 9 3
31 9 6
31 9 5
31 8 6
31 9 4
30 8 5
31 9 3
31 9 2
32 9 2
30 8 4
31 8 3
30 8 3
30 8 6
29 8 6
29 8 5
29 7 6
29 7 4
29 7 5
29 8 3
30 8 2
29 8 2
29 7 3
28 7 6
28 7 5
28 6 4
28 7 4
28 7 3
28 7 2
29 7 2
28 6 2
28 6 3
21 2 2
23 3 2
22 3 2
22 2 2
24 4 2
25 5 2
25 4 2
30 20 2
31 19 2
9 15 4
10 14 5
10 14 4
9 15 3
10 14 3
9 16 4
9 16 3
11 13 3
12 12 3
12 11 3
13 10 3
9 15 5
10 14 6
9 16 5
8 17 4
14 8 3
15 7 3
13 9 3
11 13 5
12 12 5
12 11 5
13 10 6
13 10 5
11 13 4
12 12 4
12 11 4
14 8 5
15 7 5
14 8 4
13 9 5
13 10 4
13 9 4
9 15 6
9 16 6
12 11 6
12 12 6
11 13 6
17 4 6
16 5 5
16 5 6
16 6 5
16 6 6
15 7 6
14 8 6
13 9 6
17 4 5
16 5 4
16 6 4
15 7 4
16 5 3
17 4 3
16 6 3
24 29 4
24 29 3
23 30 5
23 30 4
23 30 3
22 30 3
24 29 5
23 30 6
24 28 4
22 31 3
22 30 6
22 30 5
22 31 5
22 30 4
22 31 4
24 29 6
22 31 6
18 3 4
18 3 3
19 2 5
19 2 4
19 2 3
19 1 3
18 3 5
19 2 6
17 4 4
20 1 3
19 1 6
19 1 5
20 1 5
19 1 4
20 1 4
18 3 6
20 1 6
21 30 3
21 30 5
21 30 4
21 30 6
20 29 3
20 29 4
20 29 5
19 29 3
20 30 5
20 29 6
19 29 6
19 29 5
19 29 4
20 30 6
19 28 3
18 28 4
18 28 3
18 28 5
18 28 6
19 28 4
17 28 3
17 27 6
17 27 5
17 28 4
17 28 5
17 27 3
17 27 4
16 27 3
16 27 6
16 27 5
16 27 4
35 11 2
35 11 1
22 2 3
22 3 3
22 2 4
23 3 3
22 3 4
22 2 5
22 3 6
22 2 6
21 2 6
23 3 6
22 3 5
23 3 5
23 3 4
24 3 3
24 4 3
24 4 4
24 4 6
24 4 5
25 4 5
25 4 3
25 4 4
25 5 3
25 5 4
25 5 6
25 4 6
25 5 5
28 6 1
31 8 1
31 8 2
21 2 3
24 27 1
14 10 1
26 24 1
24 27 9
26 24 9
33 14 9
12 13 9
20 30 3
20 30 4
21 2 5
21 1 4
21 2 4
21 1 3
21 1 2
21 1 1
34 10 1
35 13 3
16 26 4
26 6 4
29 8 4
20 2 15
19 3 15
20 3 15
19 4 15
18 4 15
19 5 15
20 5 16
20 5 15
20 4 15
21 4 15
21 3 15
9 17 15
8 18 15
9 18 15
9 19 15
10 16 15
10 17 15
8 19 15
8 20 15
9 20 15
10 19 15
10 18 16
10 18 15
11 17 16
10 17 16
9 21 15
10 20 15
11 21 15
11 20 15
10 21 15
11 22 15
12 22 15
12 21 15
13 19 16
12 18 16
12 19 16
12 20 16
14 19 16
13 20 16
11 19 16
11 18 16
11 20 16
22 4 15
22 5 15
22 3 15
23 4 15
21 5 16
20 6 16
21 6 16
22 5 16
23 7 16
23 6 16
22 6 16
24 6 15
23 5 15
22 7 16
21 7 16
24 5 15
18 5 15
18 6 15
17 7 15
17 8 15
16 8 15
15 9 15
16 9 15
15 10 15
14 11 15
15 12 16
16 11 16
16 10 16
17 9 16
18 8 16
17 8 16
15 11 16
15 10 16
19 7 16
18 7 16
19 6 16
19 6 15
18 7 15
19 8 16
18 9 16
19 9 16
20 8 16
20 7 16
17 10 16
16 12 16
17 11 16
17 12 16
16 13 16
18 11 16
18 10 16
19 13 16
19 12 16
18 12 16
20 11 16
19 11 16
20 10 16
19 10 16
18 14 16
18 13 16
17 13 16
21 9 16
21 8 16
22 8 16
20 9 16
13 13 15
12 14 15
14 12 15
13 12 15
12 13 15
11 15 15
11 16 15
12 15 15
12 16 16
11 16 16
12 15 16
13 15 16
12 14 16
13 14 16
14 13 16
14 12 16
13 13 16
15 13 16
15 14 16
14 14 16
14 15 16
14 16 16
15 15 16
13 17 16
13 16 16
12 17 16
15 18 16
14 18 16
15 17 16
16 17 16
15 16 16
14 17 16
13 18 16
16 16 16
17 15 16
16 15 16
17 14 16
16 14 16
7 19 15
7 20 15
8 21 15
19 2 15
21 2 15
9 16 15
8 17 15
10 22 15
11 23 15
17 6 15
16 7 15
11 14 15
10 15 15
23 3 15
24 4 15
8 21 14
7 20 14
7 19 14
18 4 14
19 3 14
19 2 14
20 2 14
21 2 14
8 18 14
9 16 14
8 17 14
22 3 14
23 3 14
24 4 14
10 15 14
11 14 14
14 11 14
13 12 14
12 13 14
14 10 15
14 10 14
15 9 14
16 8 14
16 7 14
17 6 14
18 5 14
12 23 15
13 22 15
14 23 15
14 22 15
13 23 15
14 24 15
15 25 15
15 24 15
15 23 15
16 21 16
15 20 16
15 21 16
15 22 16
17 21 16
16 22 16
14 21 16
14 20 16
13 21 16
14 22 16
23 8 16
24 7 16
24 8 16
25 7 15
25 9 16
25 8 16
26 8 16
26 8 15
26 7 15
27 7 15
26 6 15
25 6 15
25 5 15
19 14 16
20 12 16
20 13 16
19 15 16
20 14 16
21 13 16
21 12 16
22 11 16
21 11 16
21 10 16
20 15 16
21 14 16
21 15 16
21 16 16
22 14 16
22 13 16
23 13 16
23 12 16
22 12 16
24 10 16
24 9 16
23 9 16
23 10 16
23 11 16
22 10 16
24 11 16
25 10 16
22 9 16
15 19 16
16 19 16
16 18 16
17 18 16
16 20 16
17 20 16
18 20 16
18 19 16
19 19 16
17 19 16
18 18 16
20 16 16
19 17 16
19 16 16
18 16 16
18 17 16
20 17 16
19 18 16
17 16 16
18 15 16
17 17 16
13 24 15
14 25 15
26 5 15
27 6 15
27 7 14
9 21 14
10 22 14
11 23 14
8 21 12
8 21 13
7 20 13
7 20 12
7 19 13
7 19 12
8 18 13
8 18 12
9 16 13
8 17 13
9 16 12
8 17 12
20 2 12
20 2 13
20 1 13
21 1 14
20 1 12
21 1 13
21 1 12
22 2 13
22 2 12
18 4 12
18 4 13
19 3 13
19 3 12
19 2 13
19 2 12
11 23 12
11 23 13
11 22 13
11 22 14
11 22 12
10 22 13
10 22 12
9 21 13
9 21 12
25 4 12
25 4 13
25 4 14
26 5 13
26 5 12
26 5 14
27 6 14
28 6 13
27 5 13
28 6 12
27 5 12
10 15 13
10 15 12
11 14 13
11 14 12
13 11 14
12 12 14
14 11 13
13 11 13
13 10 13
12 12 13
13 10 12
13 11 12
12 12 12
12 13 13
12 13 12
14 10 13
15 9 13
15 8 13
15 8 14
14 10 12
15 9 12
16 7 13
15 8 12
16 7 12
17 6 13
17 6 12
18 5 13
18 5 12
22 2 14
23 2 12
23 3 13
23 3 12
24 3 13
24 3 12
24 3 14
8 21 10
7 20 10
7 19 10
18 4 10
19 3 10
19 2 10
20 2 10
21 2 10
8 18 10
8 17 10
9 16 10
22 3 10
23 3 10
24 4 10
10 15 10
11 14 10
11 13 10
12 12 10
13 11 10
13 10 10
14 10 10
15 9 10
15 8 10
16 7 10
17 6 10
18 5 10
9 21 10
10 22 10
11 23 10
7 20 11
8 21 11
7 19 11
8 18 11
9 16 11
8 17 11
21 1 11
20 2 11
22 2 11
19 2 11
19 3 11
18 4 11
10 22 11
11 23 11
9 21 11
26 5 11
25 4 11
28 6 11
27 5 11
27 6 10
26 5 10
25 5 10
11 13 12
11 14 11
11 13 11
10 15 11
13 11 11
13 10 11
12 12 11
15 8 11
16 7 11
15 9 11
14 10 11
18 5 11
17 6 11
23 3 11
24 3 11
22 2 10
12 23 14
13 24 14
14 25 14
25 5 14
12 23 12
12 23 13
13 24 12
13 24 13
14 25 12
14 25 13
14 25 10
13 24 10
12 23 10
13 24 11
14 25 11
12 23 11
34 12 15
33 12 15
34 13 15
33 11 15
32 11 15
32 12 15
31 13 16
31 13 15
32 13 15
32 14 15
31 12 15
33 13 15
24 27 15
24 26 15
23 27 15
23 26 15
22 28 15
23 28 15
23 29 15
23 26 16
22 27 15
22 27 16
21 27 15
20 29 15
21 29 15
21 28 15
22 29 15
20 28 15
20 27 15
19 28 15
21 26 16
22 25 16
21 25 16
22 26 16
20 24 16
19 25 16
20 25 16
18 26 15
19 26 15
20 26 16
20 26 15
21 24 16
19 27 15
18 27 15
32 10 15
31 10 15
31 11 15
31 9 15
30 10 15
30 9 15
29 10 15
29 12 16
30 12 16
30 11 16
28 11 16
29 11 16
29 10 16
30 13 16
31 12 16
31 15 15
30 16 15
30 17 15
31 16 15
30 15 16
29 16 16
31 14 15
31 14 16
30 14 16
30 15 15
27 20 16
27 19 16
28 19 16
28 18 16
27 20 15
28 19 15
28 18 15
29 17 16
29 17 15
28 17 16
29 19 15
28 20 15
29 18 15
29 14 16
28 15 16
29 15 16
28 16 16
29 13 16
28 12 16
28 13 16
27 13 16
27 14 16
26 14 16
27 15 16
28 14 16
25 18 16
25 19 16
26 17 16
24 18 16
25 17 16
26 16 16
26 18 16
27 16 16
25 16 16
24 17 16
26 15 16
26 19 16
27 18 16
27 17 16
26 22 15
25 23 15
27 21 15
27 22 15
26 23 15
25 24 15
26 24 15
27 21 16
26 21 16
26 22 16
26 20 16
25 21 16
25 22 16
24 23 16
25 23 16
24 25 16
24 25 15
24 24 16
23 25 16
25 25 15
25 20 16
24 20 16
24 21 16
23 22 16
24 22 16
23 20 16
23 19 16
22 21 16
24 19 16
23 21 16
21 23 16
22 23 16
22 22 16
23 23 16
21 22 16
20 23 16
23 24 16
22 24 16
22 30 15
21 30 15
34 11 15
24 28 15
18 28 15
17 27 15
32 15 15
30 18 15
25 26 15
20 29 14
21 30 14
22 30 14
32 14 14
33 13 14
34 13 14
34 12 14
34 11 14
33 11 14
23 29 14
24 28 14
24 27 14
32 10 14
31 9 14
30 9 14
25 25 14
26 24 14
25 26 14
27 22 14
28 21 14
28 21 15
26 23 14
28 20 14
29 19 14
30 18 14
30 17 14
31 16 14
32 15 14
17 26 15
18 25 15
17 25 15
17 24 15
16 26 15
18 24 16
19 23 16
18 23 16
18 25 16
19 24 16
17 24 16
17 23 16
16 24 15
17 22 16
16 23 16
18 22 16
16 25 15
28 10 16
29 9 15
28 9 15
27 11 16
27 9 16
27 10 16
29 8 15
28 8 15
27 8 15
28 7 15
26 10 16
26 9 16
25 15 16
25 14 16
24 15 16
24 14 16
25 13 16
24 16 16
23 17 16
23 16 16
22 17 16
26 13 16
27 12 16
26 12 16
26 11 16
25 12 16
25 11 16
24 12 16
24 13 16
23 14 16
22 15 16
22 16 16
23 15 16
20 22 16
21 21 16
21 20 16
20 21 16
20 20 16
19 21 16
19 22 16
22 20 16
22 19 16
23 18 16
22 18 16
21 18 16
21 19 16
21 17 16
20 18 16
20 19 16
19 20 16
18 21 16
15 26 15
19 28 14
17 27 14
18 28 14
20 29 12
21 30 12
21 29 13
21 30 13
20 29 13
21 29 14
22 30 12
22 30 13
23 29 12
23 29 13
24 28 12
24 28 13
24 27 12
24 27 13
35 12 12
34 11 12
34 11 13
35 12 13
34 10 12
33 10 13
33 14 12
33 14 13
34 13 12
34 13 13
33 14 14
34 12 12
34 12 13
17 27 12
18 28 12
18 28 13
19 28 12
19 28 13
17 27 13
19 29 12
19 29 13
19 29 14
31 8 12
30 7 12
30 7 13
29 7 12
29 7 13
31 8 13
30 8 14
31 8 14
28 7 14
29 7 14
28 7 13
25 25 13
26 24 13
25 26 12
25 26 13
26 25 12
26 25 13
26 24 12
27 22 13
28 21 13
27 23 12
27 23 13
28 22 12
28 22 13
28 21 12
27 23 14
29 20 12
29 20 13
29 19 12
29 19 13
30 18 12
30 18 13
31 17 12
31 17 13
30 17 13
29 20 14
32 16 12
32 16 13
32 15 12
32 15 13
33 9 12
32 9 12
32 9 13
32 9 14
34 10 13
33 10 14
32 8 12
20 29 10
21 30 10
22 30 10
33 14 10
34 13 10
34 12 10
34 11 10
33 11 10
23 29 10
24 27 10
24 28 10
32 10 10
30 9 10
31 9 10
25 26 10
26 25 10
26 24 10
27 23 10
28 21 10
28 22 10
29 20 10
30 19 10
30 18 10
31 17 10
32 16 10
32 15 10
19 28 10
18 28 10
17 27 10
20 29 11
21 30 11
22 30 11
23 29 11
24 27 11
24 28 11
34 12 11
34 11 11
33 10 11
33 14 11
34 13 11
17 27 11
18 28 11
19 28 11
31 8 11
30 8 11
29 7 11
30 8 10
29 7 10
28 7 10
28 7 11
25 26 11
26 25 11
26 24 11
27 23 11
28 21 11
28 22 11
30 19 12
29 20 11
30 19 11
30 18 11
31 17 11
32 16 11
32 15 11
33 10 12
32 9 11
31 9 11
32 9 10
15 26 14
16 26 14
29 8 14
30 8 15
15 26 13
15 26 12
16 26 12
16 26 13
15 26 10
16 26 10
15 26 11
16 26 11
8 14 1
7 14 1
9 12 1
8 13 1
10 11 1
9 11 1
10 9 1
11 9 1
10 10 1
15 2 1
14 4 1
15 3 1
13 5 1
14 5 1
12 7 1
13 6 1
11 8 1
12 8 1
7 15 1
9 13 1
11 10 1
15 4 1
13 7 1
5 18 1
6 17 1
6 16 1
5 17 1
5 24 1
7 25 1
6 25 1
8 26 1
9 27 1
10 28 1
10 27 1
11 28 1
11 29 1
5 24 2
7 25 2
8 26 2
4 23 2
27 28 1
27 27 1
28 26 1
29 25 1
30 23 1
34 18 1
35 17 1
33 19 1
32 20 1
32 21 1
31 22 1
26 29 1
29 24 1
34 17 1
34 19 1
23 33 1
24 32 1
25 30 1
24 31 1
25 31 1
18 33 1
17 32 1
15 31 1
15 32 1
14 30 1
14 31 1
12 29 1
12 30 1
19 34 1
18 33 2
17 32 2
15 31 2
16 31 1
16 32 1
13 30 1
13 29 1
20 34 2
7 18 1
6 18 1
7 17 1
7 16 1
15 1 17
15 1 18
16 2 17
15 2 17
15 2 18
16 2 18
15 2 19
16 2 19
17 2 19
17 2 18
17 3 18
17 3 17
17 3 16
17 2 17
17 2 15
17 2 16
16 2 16
16 2 15
15 2 16
15 1 16
18 3 16
18 3 15
18 3 13
18 3 14
5 18 15
5 17 15
6 17 15
6 16 15
6 16 14
6 17 14
5 17 14
5 18 14
17 3 15
17 2 14
16 2 14
17 3 14
17 3 13
17 2 13
17 0 9
17 0 8
17 0 7
17 0 6
18 1 9
18 1 8
18 0 8
18 0 9
18 1 7
18 1 6
18 0 6
18 0 7
16 2 13
16 2 12
16 2 11
17 1 11
16 1 11
17 2 12
17 2 11
18 3 12
17 3 12
18 3 11
18 2 11
14 1 18
17 3 19
18 3 17
15 2 15
15 1 15
14 1 17
18 6 17
17 7 17
17 7 16
18 6 16
16 8 17
16 8 16
16 9 17
16 9 16
14 11 17
14 12 17
13 13 17
14 11 16
15 10 17
13 13 13
13 12 13
13 13 14
15 10 13
15 10 14
17 7 13
18 6 13
18 6 14
17 7 14
16 8 13
17 0 10
5 18 2
5 17 2
6 16 2
6 17 2
17 0 4
17 0 3
17 0 2
18 1 4
18 1 3
18 0 3
18 0 4
18 1 2
18 0 2
5 18 4
5 17 4
5 18 5
5 17 5
5 18 6
5 17 6
6 16 6
6 17 6
6 16 5
6 17 5
6 16 4
6 17 4
17 1 10
18 1 10
19 1 10
18 2 10
5 18 10
5 17 10
5 18 11
5 17 11
6 16 11
6 17 11
6 16 10
6 17 10
5 18 12
5 17 12
5 18 13
5 17 13
6 16 13
6 16 12
6 17 12
6 17 13
4 14 19
5 13 19
4 13 19
5 12 19
4 13 18
4 14 18
5 12 18
6 11 19
7 10 19
8 9 20
7 9 19
6 10 19
7 8 19
7 8 18
7 9 18
6 10 18
5 11 19
5 11 18
7 8 17
6 9 17
6 10 17
6 9 18
5 11 17
5 12 17
4 13 17
4 14 17
6 16 20
6 15 20
7 15 20
6 14 20
7 14 20
8 14 20
7 13 20
5 15 20
6 13 20
9 12 20
9 11 21
9 11 20
10 11 21
9 10 21
8 12 20
8 11 20
9 10 20
8 10 20
7 11 20
8 13 20
7 12 20
7 10 20
6 12 20
5 13 20
5 14 20
4 14 20
9 17 18
9 16 19
8 17 19
11 14 19
11 13 19
12 12 19
12 12 20
11 13 20
10 14 20
11 12 20
11 11 20
10 13 20
10 12 20
9 13 20
9 14 20
9 15 20
7 16 20
8 16 19
8 16 20
8 15 20
9 18 16
10 17 17
9 18 17
11 16 17
10 16 18
12 14 17
12 15 17
13 13 18
11 14 18
11 15 16
11 15 17
12 14 18
10 16 17
11 15 18
12 13 19
12 13 18
13 12 18
9 18 18
8 16 1
8 15 1
9 14 1
10 13 1
10 12 1
11 12 1
11 11 1
5 15 15
5 14 15
5 13 15
6 13 15
6 12 15
6 14 15
7 13 15
7 11 15
8 10 15
8 9 15
9 9 15
9 10 15
8 11 15
7 12 15
10 10 15
9 11 15
8 12 15
6 15 15
4 13 16
4 14 16
5 12 16
7 9 17
7 8 16
7 9 16
6 10 16
8 8 16
8 9 16
6 11 16
7 10 15
4 15 15
7 15 15
7 14 15
8 13 15
9 12 15
9 12 14
8 13 14
7 14 14
7 15 14
9 18 4
9 17 4
10 15 4
9 17 5
9 18 5
10 15 5
11 14 4
11 14 5
11 14 6
10 15 6
9 17 6
9 18 6
10 19 11
10 18 11
10 17 11
10 17 12
10 18 12
10 19 12
10 16 11
10 16 12
12 13 11
13 13 11
13 13 12
11 15 11
11 15 12
12 14 13
12 14 12
11 15 13
10 16 13
10 17 13
9 18 13
9 19 13
9 19 12
7 15 4
7 15 3
6 16 3
8 14 4
8 14 3
8 13 4
9 12 4
9 12 3
8 13 3
9 12 2
8 13 2
8 14 2
7 15 2
11 14 2
10 15 2
9 17 2
9 18 2
6 16 9
7 15 9
7 15 8
6 16 8
8 14 9
8 14 8
8 13 9
9 12 9
9 12 8
8 13 8
9 12 6
8 13 6
8 13 7
9 12 7
8 14 6
8 14 7
7 15 6
6 16 7
7 15 7
13 12 10
12 13 10
11 15 10
10 16 10
10 17 10
10 18 10
10 19 10
7 15 11
8 14 11
7 15 10
8 14 10
8 13 11
9 12 11
9 12 10
8 13 10
7 15 13
7 15 12
7 14 13
7 14 12
8 13 13
9 12 13
9 12 12
8 13 12
6 17 9
5 17 9
5 18 9
15 1 19
15 3 15
5 16 15
4 16 15
4 17 16
4 16 16
4 16 17
3 15 17
4 15 16
4 16 18
3 16 18
4 15 18
3 15 18
4 16 19
4 15 20
4 15 19
5 16 20
16 7 8
18 3 10
18 3 18
18 3 19
16 1 19
13 1 17
12 1 18
13 0 17
13 1 18
13 0 18
14 0 18
14 0 17
13 1 16
12 1 16
13 0 16
12 1 17
14 0 16
14 2 15
14 1 15
13 2 15
19 4 10
17 5 12
19 4 17
19 4 16
18 4 16
18 5 17
18 5 16
18 5 19
18 4 19
18 5 18
18 4 18
18 6 18
18 4 17
19 3 17
19 4 18
16 2 20
16 2 21
15 3 21
16 3 21
14 4 21
15 4 21
16 4 21
16 3 20
17 3 20
17 2 20
14 2 21
14 2 20
13 2 21
14 1 20
14 1 19
13 1 20
12 2 20
13 2 20
17 0 5
18 1 5
18 0 5
5 18 7
5 17 7
5 18 8
5 17 8
6 17 8
6 17 7
17 5 7
17 5 6
17 5 8
13 11 8
13 11 7
13 11 6
14 9 6
14 4 15
14 5 15
13 5 15
13 6 15
11 10 15
11 9 15
11 8 15
12 8 15
10 11 15
10 9 15
12 7 15
13 4 15
14 3 15
15 1 20
6 19 1
5 19 1
4 19 9
4 19 10
4 20 9
4 20 10
4 19 8
5 19 6
5 19 7
4 20 6
4 20 7
4 19 7
4 19 6
4 20 8
4 20 4
4 19 4
4 20 5
4 19 5
5 18 3
4 19 2
4 19 3
4 19 1
3 21 9
3 21 10
4 21 9
3 22 9
3 22 10
3 21 8
3 21 6
3 21 7
3 22 6
3 22 7
3 22 8
3 21 5
4 21 4
3 22 4
3 21 4
3 22 5
4 20 3
4 21 3
4 20 2
4 21 2
4 22 2
4 22 3
7 23 1
6 23 1
6 24 1
3 22 33
2 21 33
2 22 33
3 21 33
1 21 33
2 20 33
4 21 33
4 20 33
5 20 33
4 19 33
3 20 33
3 19 33
3 18 33
2 18 33
2 19 33
1 18 33
1 18 32
1 19 32
1 19 33
0 19 32
1 20 33
0 21 32
1 21 32
0 20 32
1 22 32
1 23 32
2 23 32
3 23 33
3 23 10
3 23 9
4 24 9
4 24 10
5 25 9
5 25 10
3 23 8
4 24 8
4 23 8
3 23 7
3 23 6
4 23 6
4 23 7
5 25 6
5 25 7
4 24 7
4 24 6
5 25 8
4 23 5
4 23 4
5 25 4
4 24 4
5 24 4
5 25 5
4 24 5
4 23 3
6 24 2
5 24 3
5 25 3
7 24 1
8 24 1
8 25 1
9 25 1
9 26 1
9 24 1
10 25 1
13 27 1
12 27 1
11 26 1
12 26 1
13 28 1
10 26 1
12 28 1
11 27 1
4 24 33
4 23 33
3 24 32
3 23 32
4 25 32
4 24 32
5 24 33
6 26 9
6 26 10
7 27 9
8 27 9
7 27 10
8 27 10
11 30 9
10 29 9
9 28 9
11 30 10
10 29 10
9 28 10
6 26 8
7 27 8
8 27 8
7 26 8
6 26 6
6 26 7
7 26 7
7 26 6
8 27 6
8 27 7
11 29 6
11 29 7
10 28 7
10 28 6
10 29 7
11 29 8
10 29 8
9 28 8
9 28 7
9 28 6
11 30 8
6 25 5
7 26 5
6 25 6
6 26 5
8 27 5
6 25 4
7 26 4
8 27 4
11 29 4
10 28 4
11 29 5
10 28 5
9 27 4
9 27 5
9 27 6
6 25 3
7 26 3
7 25 3
8 27 3
7 26 2
8 27 2
6 25 2
12 29 2
11 28 2
10 28 2
12 29 3
11 28 3
10 28 3
9 27 2
9 27 3
11 29 3
3 23 11
3 22 11
3 21 11
4 20 11
5 25 11
4 24 11
11 30 11
10 29 11
9 28 11
8 27 11
6 26 11
7 27 11
3 21 12
4 20 12
3 23 12
3 22 12
3 23 13
3 22 13
3 21 13
4 20 13
4 24 12
5 25 12
5 25 13
4 24 13
6 26 12
7 27 12
8 27 12
10 29 12
11 30 12
9 28 12
11 30 13
10 29 13
9 28 13
8 27 13
6 26 13
7 27 13
3 21 14
4 20 14
3 22 14
3 24 14
3 23 14
5 25 14
4 24 14
4 25 14
6 26 14
7 27 14
11 30 14
10 29 14
9 28 14
8 28 14
11 30 15
10 29 15
9 28 15
8 28 15
8 27 15
9 29 14
7 27 15
6 26 15
7 26 15
5 26 15
4 25 15
5 25 15
4 19 13
4 19 14
4 19 11
4 19 12
3 20 15
3 20 16
3 21 15
3 21 16
3 22 15
3 22 16
2 22 17
2 21 17
3 22 17
2 20 17
3 19 17
3 20 17
3 23 15
3 24 15
3 23 16
4 24 15
4 24 16
4 24 17
3 23 17
4 25 16
5 25 16
5 26 16
5 26 17
5 25 17
4 25 17
8 18 30
7 17 30
7 17 31
7 18 31
7 16 30
6 17 31
6 15 30
6 15 31
6 16 31
5 16 31
5 16 32
4 16 32
4 17 32
5 17 32
4 17 33
4 18 33
5 18 33
5 19 32
5 19 33
6 19 32
6 18 32
5 18 32
5 15 31
5 15 30
5 14 30
4 15 30
4 15 31
4 14 30
3 15 30
3 15 31
2 15 31
2 16 31
2 16 32
3 16 31
3 16 32
4 20 15
4 19 15
4 18 15
4 18 16
9 18 14
10 17 14
10 16 14
12 14 14
11 15 14
8 8 20
8 8 19
9 7 20
9 7 19
8 7 19
9 6 19
10 6 20
10 6 19
10 5 20
10 5 19
10 4 19
9 6 18
8 7 18
10 5 18
10 4 18
11 3 18
11 3 20
12 2 19
11 3 19
11 2 19
11 4 20
11 4 19
12 2 18
12 1 19
11 2 18
12 2 17
11 3 17
11 2 17
10 4 17
9 6 17
8 7 17
9 5 17
9 5 18
10 9 21
11 8 21
10 8 21
10 10 21
11 9 21
12 8 21
12 7 21
12 6 21
11 7 21
10 8 20
9 9 20
11 6 21
11 5 21
14 5 21
13 5 21
13 4 21
14 3 21
13 6 21
12 5 21
13 3 21
12 3 20
12 4 20
12 3 21
12 4 21
11 5 20
9 8 20
10 7 20
13 11 19
13 11 20
14 10 19
13 10 20
12 11 20
14 9 19
14 9 20
15 8 20
12 10 20
13 9 20
14 8 20
15 7 20
16 7 20
16 6 20
17 6 20
17 5 20
15 6 20
16 5 20
16 4 20
16 5 21
15 5 21
14 6 21
13 7 21
11 10 21
12 9 21
12 9 20
13 8 21
13 8 20
14 7 21
14 11 18
14 12 18
16 9 18
15 10 18
14 10 18
15 9 18
16 8 18
17 7 18
17 6 18
16 7 18
17 6 19
17 5 19
17 7 19
16 7 19
16 8 19
15 8 19
15 9 19
12 10 1
13 8 1
14 7 1
15 5 1
16 4 1
16 3 1
14 6 1
15 6 1
12 9 1
9 8 15
10 7 15
10 6 15
11 6 15
11 5 15
12 5 15
10 8 15
12 3 15
13 3 15
12 4 15
12 6 15
11 7 15
9 6 16
8 7 16
10 5 17
10 4 16
10 5 16
11 4 16
12 2 16
11 3 16
12 3 16
13 1 15
13 2 16
12 2 15
11 4 15
9 7 15
10 5 15
14 4 14
13 5 14
13 6 14
12 7 14
11 8 14
11 9 14
10 10 14
13 11 4
14 9 4
13 11 5
14 9 5
17 5 4
17 5 5
13 12 11
14 11 11
15 10 11
13 12 12
14 11 12
15 10 12
17 7 11
17 7 12
16 8 11
16 8 12
11 9 4
12 8 4
12 8 3
11 9 3
12 7 4
12 7 3
13 6 4
13 6 3
14 4 4
15 3 4
15 3 3
16 2 4
16 2 3
14 4 3
14 5 4
14 5 3
16 2 2
15 3 2
14 4 2
14 5 2
13 6 2
12 8 2
11 9 2
12 7 2
17 5 2
13 11 2
14 9 2
11 9 9
12 8 9
12 8 8
11 9 8
12 7 9
12 7 8
13 6 9
13 6 8
14 4 9
15 3 9
15 3 8
16 2 9
16 2 8
14 4 8
14 5 9
14 5 8
16 2 6
15 3 6
15 3 7
14 4 6
14 4 7
16 2 7
14 5 6
14 5 7
13 6 6
13 6 7
12 8 6
11 9 6
11 9 7
12 8 7
12 7 6
12 7 7
17 7 10
16 8 10
11 10 11
11 9 11
12 8 11
12 7 11
13 6 11
11 9 10
12 8 10
11 10 10
12 7 10
13 6 10
14 5 11
14 4 11
15 3 11
15 3 10
14 4 10
13 5 11
13 5 10
15 2 10
14 5 10
10 10 13
11 9 13
11 8 13
11 8 12
11 10 13
11 9 12
11 10 12
12 7 13
12 7 12
13 7 12
14 5 13
14 4 13
14 3 13
14 3 12
14 4 12
14 5 12
15 3 12
13 6 13
13 6 12
11 8 11
10 15 8
12 13 8
11 14 8
9 17 8
9 18 8
9 17 7
9 18 7
10 15 7
11 14 7
8 13 5
9 12 5
8 14 5
7 15 5
8 14 15
10 10 9
10 11 9
10 11 10
10 10 10
9 11 14
9 11 4
9 11 3
10 11 4
10 11 3
10 11 2
9 11 2
10 11 8
10 11 6
10 11 7
9 11 6
9 11 7
9 11 11
9 11 10
10 11 11
9 11 13
9 11 12
10 11 12
10 10 4
10 10 5
11 9 5
10 11 5
10 10 6
10 11 13
10 11 14
10 10 2
10 10 7
10 10 8
10 10 11
9 11 5
5 17 3
6 17 3
11 14 3
10 15 3
9 18 3
9 17 3
17 5 3
13 11 3
14 9 3
15 2 14
17 1 9
16 1 9
16 1 10
15 2 9
17 1 4
17 1 5
16 1 4
16 2 5
16 1 5
16 1 6
17 1 6
16 1 2
15 2 13
15 3 13
15 3 14
16 1 3
16 1 8
17 1 8
17 1 7
16 1 7
15 2 11
16 2 10
15 2 12
15 3 5
14 4 5
14 5 5
13 6 5
12 8 5
12 7 5
13 5 13
10 10 3
10 20 4
11 21 4
10 20 5
11 21 5
10 20 6
11 21 6
15 24 6
14 23 6
13 22 6
13 23 6
15 24 5
14 23 5
13 22 5
12 22 6
12 22 5
15 24 4
14 23 4
13 22 4
12 22 4
10 20 2
11 21 2
15 24 2
14 23 2
13 22 2
12 22 2
9 19 16
8 18 18
9 19 17
9 19 14
10 20 11
11 21 11
10 20 12
11 21 12
11 22 11
10 21 12
10 20 13
10 21 13
9 20 13
11 21 13
12 22 13
13 23 13
15 25 13
14 24 13
15 25 12
14 24 12
13 23 12
12 22 12
15 25 11
14 24 11
13 23 11
10 20 10
11 21 10
11 22 10
15 25 10
14 24 10
13 23 10
10 20 7
11 21 7
10 20 8
11 21 8
15 24 8
14 24 8
13 23 8
12 22 8
15 24 7
14 23 7
13 23 7
12 22 7
10 20 3
11 21 3
15 24 3
14 23 3
13 22 3
12 22 3
7 19 31
8 19 30
5 21 33
6 20 32
7 20 32
7 22 33
7 21 32
6 21 33
8 21 32
8 20 31
9 20 30
4 22 33
5 22 33
5 23 33
6 23 33
6 22 33
14 26 1
11 24 1
8 22 1
7 22 1
9 23 1
10 24 1
8 23 1
12 25 1
13 26 1
11 25 1
4 15 21
5 15 21
6 16 21
2 19 19
2 20 19
2 21 19
2 20 20
3 19 20
2 22 19
2 22 20
2 21 20
2 22 22
2 21 22
2 21 21
2 22 21
2 20 22
2 20 21
2 19 22
2 19 21
3 19 21
2 19 20
3 23 19
3 23 20
4 24 19
4 24 20
3 24 20
4 24 22
3 24 22
3 24 21
4 24 21
3 23 22
3 23 21
2 23 22
4 25 19
5 25 19
4 25 20
5 25 20
5 26 19
5 26 20
5 26 22
5 25 22
5 25 21
5 26 21
4 25 22
4 25 21
14 24 16
15 24 16
13 23 16
13 24 16
13 24 17
14 24 17
15 25 17
7 17 20
7 17 19
8 18 19
2 21 18
2 22 18
3 19 18
2 20 18
4 24 18
3 23 18
4 14 25
4 14 26
5 14 26
5 14 25
4 14 27
5 14 27
3 14 28
3 14 29
4 14 29
3 14 30
4 14 28
7 15 29
6 14 29
7 15 28
6 15 28
6 14 27
6 15 29
6 14 28
5 14 29
5 14 28
7 15 27
7 15 26
6 15 25
6 14 26
6 15 27
8 17 26
8 17 27
8 18 27
8 18 26
8 17 28
8 17 29
8 18 29
8 18 28
8 19 28
9 19 27
8 19 26
8 19 27
8 16 27
8 16 26
8 16 28
7 16 29
3 24 26
3 24 25
4 25 25
3 24 24
4 24 24
3 24 23
4 24 23
4 25 23
4 25 24
4 25 26
5 26 23
5 25 23
5 26 25
5 26 26
5 26 24
5 25 24
5 25 25
4 15 22
5 15 22
6 15 22
7 15 22
7 16 22
7 16 21
6 15 21
11 21 17
11 21 18
11 22 18
12 22 17
11 22 19
12 22 18
10 22 20
11 22 20
12 23 18
12 23 17
8 17 20
8 17 21
8 17 22
9 18 21
9 18 20
9 17 22
9 18 19
9 19 18
9 19 19
9 19 20
9 20 18
9 20 19
3 19 16
3 18 17
3 17 17
4 17 17
4 18 17
4 16 20
3 15 29
2 15 30
2 15 29
2 16 30
2 16 29
1 17 30
1 16 30
1 16 31
0 18 32
0 18 31
0 19 31
0 18 30
0 19 30
0 21 30
0 21 31
0 20 31
0 20 30
1 22 31
1 21 30
1 22 30
2 23 30
2 23 31
1 23 31
1 23 30
3 24 31
3 24 30
4 25 30
4 25 31
3 25 31
4 16 21
6 27 30
7 27 30
7 27 31
6 27 31
7 28 30
7 28 31
8 28 30
8 29 31
8 28 31
8 29 32
8 28 32
7 28 32
7 27 32
6 27 32
3 16 25
3 16 26
3 15 26
3 15 25
3 16 27
3 15 27
2 16 28
2 15 28
3 15 28
4 15 25
4 16 22
3 17 18
3 18 18
3 19 19
3 18 19
3 17 19
1 18 30
1 18 29
1 19 29
1 19 28
0 19 29
1 18 28
1 18 27
1 19 27
2 19 25
1 19 25
1 19 26
1 20 26
1 20 27
1 21 26
1 21 27
1 21 28
1 20 28
1 21 29
0 20 29
1 20 29
1 22 29
1 22 28
2 22 28
1 22 27
2 22 26
2 23 26
2 23 27
3 24 27
3 24 28
2 23 28
2 24 29
2 23 29
3 24 29
3 25 29
3 25 28
4 25 27
4 25 28
4 25 29
3 17 20
3 18 20
6 27 29
7 27 29
6 27 28
7 27 28
7 28 29
7 28 28
6 27 27
6 27 26
7 27 26
7 27 27
7 28 26
7 28 27
8 29 26
8 29 27
8 28 27
8 28 26
8 29 28
8 28 28
8 29 29
8 28 29
1 17 29
3 17 21
3 18 21
3 18 22
3 17 22
4 15 23
5 15 23
6 15 23
4 15 24
5 14 24
6 15 24
7 15 24
7 15 23
2 21 23
2 22 23
2 22 24
2 21 24
2 20 23
2 20 24
2 22 25
1 21 25
1 20 25
2 19 24
2 19 23
2 23 23
2 23 25
3 23 24
3 23 23
2 23 24
7 16 23
8 16 23
7 16 25
7 16 24
8 16 25
8 16 24
8 18 25
8 18 24
8 17 24
8 17 25
9 18 24
8 17 23
9 18 23
9 18 22
9 19 23
9 19 24
9 18 25
9 19 25
8 19 25
9 20 25
3 16 23
4 16 23
3 16 24
3 15 24
3 15 23
2 18 23
3 18 23
2 18 25
2 18 24
2 17 25
3 17 24
3 17 25
3 17 23
2 17 30
8 29 30
3 16 20
3 16 19
4 17 18
3 16 22
3 16 21
10 20 14
7 27 33
7 26 33
9 28 33
8 28 33
9 27 33
8 27 33
8 26 33
7 27 16
8 27 16
9 28 16
8 28 16
9 28 17
8 28 17
8 27 17
7 27 17
9 24 33
10 23 32
9 23 33
10 24 33
9 23 32
10 23 31
11 25 33
11 24 32
12 24 32
11 23 31
12 23 30
12 23 31
11 23 30
10 23 30
10 22 31
8 25 34
7 25 34
8 26 34
9 25 34
10 27 34
9 26 34
10 26 34
10 25 33
9 25 33
9 24 34
8 24 34
7 27 19
8 27 19
7 27 20
8 28 20
8 28 19
9 28 19
9 28 20
9 28 22
8 28 22
8 28 21
9 28 21
7 27 22
7 27 21
6 26 19
6 26 18
7 27 18
5 26 18
6 26 17
11 23 27
11 23 26
11 22 27
11 22 28
11 22 26
11 21 26
11 21 27
10 22 28
10 22 29
11 22 25
11 21 25
11 22 24
11 21 24
11 23 25
12 23 25
12 23 24
11 22 22
11 22 23
10 22 23
5 26 30
5 26 29
12 22 14
11 21 14
12 23 16
12 22 16
11 21 16
8 28 18
9 28 18
8 27 18
13 23 21
13 23 20
13 24 21
13 24 20
13 23 19
13 25 21
14 25 21
14 25 20
14 24 20
13 24 19
13 24 18
12 24 18
12 23 19
9 29 31
9 30 31
10 30 31
10 30 32
9 29 32
9 29 26
9 29 27
9 30 26
9 30 27
9 29 28
9 30 28
10 30 26
11 30 26
11 30 27
10 30 27
11 30 28
10 30 28
11 30 30
10 30 30
10 30 29
11 30 29
9 30 29
9 29 29
8 28 25
8 29 25
7 28 25
8 28 24
8 28 23
9 29 24
9 29 23
7 28 24
7 28 23
6 27 25
7 27 25
7 27 24
6 27 24
6 27 23
7 27 23
9 29 22
9 29 30
9 30 30
10 29 32
10 29 33
11 29 33
11 28 33
10 28 33
9 29 15
9 29 16
10 29 16
11 29 15
11 30 16
11 29 16
11 30 17
10 29 17
11 29 17
9 29 17
12 25 33
12 25 32
12 26 33
13 25 32
12 24 31
13 25 31
13 27 33
13 26 33
13 26 32
14 26 31
13 25 30
13 24 30
13 24 31
11 27 34
11 26 34
12 28 34
11 28 34
12 27 34
11 26 33
9 29 19
10 29 19
9 29 20
10 29 20
11 30 19
11 30 20
10 30 20
11 30 22
10 30 22
10 30 21
11 30 21
10 29 22
10 29 21
9 29 21
13 23 29
12 23 29
13 24 29
13 23 28
12 23 28
13 24 28
13 25 29
14 25 29
13 24 27
12 24 27
12 23 27
14 25 22
13 25 22
13 24 22
13 24 23
12 23 22
13 23 22
12 23 23
13 23 23
12 24 24
13 24 24
14 23 14
13 23 14
14 24 14
15 24 14
15 25 14
5 25 32
5 26 32
5 25 33
6 26 32
6 26 33
6 25 33
6 26 16
8 22 32
8 21 31
9 21 31
9 22 31
9 22 30
10 21 30
9 21 30
9 20 31
6 24 33
7 25 33
7 24 33
8 23 33
8 24 33
7 23 33
6 26 20
6 27 20
6 27 22
6 27 21
6 26 22
6 26 21
9 20 29
9 20 28
10 21 29
10 21 28
10 20 28
9 20 27
6 26 23
6 26 25
6 26 24
9 19 21
10 19 20
10 20 21
10 20 20
10 21 21
10 21 20
10 21 19
10 20 19
10 20 18
10 21 17
10 20 17
10 20 16
4 26 30
4 26 31
5 26 31
6 26 31
5 26 27
5 26 28
10 21 22
10 21 23
10 20 22
9 19 22
10 20 23
9 20 24
5 25 18
4 25 18
11 22 21
12 23 21
12 23 20
12 22 19
11 22 29
11 23 28
11 23 23
13 24 26
13 24 25
14 24 26
14 24 25
14 24 24
15 25 26
15 25 25
15 25 24
14 25 24
14 25 23
14 24 23
10 21 27
10 21 26
9 20 26
9 21 27
11 21 19
10 21 18
10 21 25
10 20 25
10 21 24
10 20 24
9 20 17
9 20 16
8 19 29
9 19 28
9 19 29
8 22 33
9 22 32
13 26 30
14 25 30
13 27 30
13 27 29
13 26 29
14 26 29
13 26 21
13 27 21
13 26 22
14 26 21
14 26 20
9 23 30
9 23 29
9 22 29
10 23 29
9 23 21
9 22 21
9 22 22
10 22 22
9 23 22
10 22 21
10 23 21
10 23 22
12 24 25
11 24 25
11 25 25
11 24 26
11 25 26
12 24 26
12 23 26
12 24 16
12 25 16
11 25 16
11 25 17
12 25 17
11 24 16
11 24 17
12 24 17
8 20 25
7 20 25
7 21 25
8 20 26
7 20 26
7 21 26
8 21 26
8 21 25
8 20 17
8 21 17
8 20 18
8 21 18
9 21 18
9 21 17
10 29 18
11 30 18
9 29 18
10 30 25
11 30 25
10 29 25
10 30 24
10 30 23
11 30 24
11 30 23
10 29 24
10 29 23
9 29 25
14 24 18
15 25 18
14 25 18
14 24 19
14 25 19
14 25 27
14 24 27
14 25 28
14 26 22
25 29 1
24 30 1
37 17 17
37 16 17
36 16 17
36 16 18
37 16 18
37 17 18
35 16 19
36 16 19
35 15 18
35 15 19
35 15 17
34 15 18
34 15 17
34 15 16
35 15 16
35 15 15
36 16 16
36 16 15
37 16 16
34 14 15
34 14 14
34 14 13
34 15 14
34 15 15
34 14 16
34 14 17
25 31 15
25 31 14
26 30 14
26 30 15
25 30 15
25 30 14
35 16 15
35 16 14
35 15 14
35 15 13
34 15 13
37 14 9
37 14 8
37 14 6
37 14 7
36 13 9
36 13 8
36 13 6
36 13 7
35 13 9
35 13 8
35 13 6
35 13 7
35 15 12
35 16 13
36 15 12
35 16 12
36 16 12
36 15 11
35 15 11
35 14 11
34 14 12
34 15 12
35 14 12
34 14 11
34 15 19
37 17 16
31 15 17
30 16 16
30 16 17
31 15 16
31 16 16
30 17 17
30 17 16
29 18 16
29 18 17
32 15 16
32 14 16
31 16 13
31 17 14
29 18 13
29 18 14
28 20 13
27 21 13
27 21 14
26 22 17
27 21 17
28 20 17
28 20 16
29 19 17
29 19 16
35 13 10
37 14 10
35 13 2
25 30 2
25 31 2
24 31 2
37 14 4
37 14 3
37 14 2
36 13 4
36 13 3
36 14 4
36 14 3
36 14 2
36 13 2
24 31 4
25 31 4
25 31 5
24 31 5
25 30 4
25 30 5
25 30 6
25 31 6
24 31 6
36 14 10
36 13 10
36 14 9
24 31 10
25 31 10
25 30 10
25 30 11
25 31 11
24 31 11
36 15 10
36 14 11
35 14 10
25 31 12
24 31 12
26 30 12
25 30 12
26 30 13
25 30 13
25 31 13
24 31 13
28 31 19
29 30 19
29 31 18
29 30 18
30 29 19
30 30 19
30 30 18
31 29 18
28 31 17
29 30 17
30 29 17
30 29 18
32 26 17
33 26 17
32 27 17
31 28 17
33 26 18
32 27 18
32 28 18
31 28 18
33 25 18
33 26 19
32 26 18
32 26 20
31 27 20
32 27 19
31 28 19
32 26 19
26 30 20
27 30 20
27 29 20
28 29 20
28 28 20
27 28 20
28 27 20
27 27 20
29 28 20
28 30 20
28 31 20
29 30 20
30 27 20
30 28 20
32 25 20
32 24 21
31 24 21
31 26 20
31 25 21
30 26 20
31 25 20
29 24 21
29 25 21
28 26 20
29 26 21
30 24 21
30 25 21
29 27 20
23 28 18
24 28 19
25 27 19
24 27 19
25 29 20
26 29 20
26 28 20
25 29 19
25 28 20
26 27 20
28 25 20
29 25 20
29 23 20
28 24 20
28 23 20
27 25 20
27 26 20
27 23 20
27 24 19
27 23 19
26 25 19
27 24 20
26 25 20
25 26 19
26 26 20
26 26 19
23 28 16
23 28 17
23 27 17
23 27 16
24 26 17
24 26 16
24 26 18
24 27 18
25 26 18
27 22 19
27 22 18
26 23 18
25 24 18
26 23 19
26 24 19
25 25 18
26 23 17
25 24 16
25 24 17
25 25 17
25 25 16
25 28 1
26 27 1
26 26 1
27 25 1
28 24 1
28 25 1
27 26 1
26 28 1
28 27 1
27 31 15
27 30 15
28 30 15
27 29 15
28 29 15
29 28 15
29 29 15
28 28 15
30 24 15
30 25 15
30 26 15
29 26 15
29 27 15
29 25 15
31 25 15
28 27 15
31 26 15
30 27 15
30 28 15
28 31 16
29 30 16
30 29 16
28 31 15
32 26 15
31 27 15
32 26 16
32 27 16
31 28 16
26 29 15
27 28 15
26 29 14
27 28 14
28 26 14
28 26 15
28 27 14
22 28 4
23 27 4
24 27 4
22 28 5
23 27 5
24 27 5
22 28 6
23 27 6
24 27 6
22 27 11
22 27 12
23 27 12
23 27 11
24 26 11
24 26 12
22 28 13
23 27 13
24 26 13
26 23 13
27 22 12
26 23 12
25 24 12
25 24 13
25 25 12
27 22 11
26 23 11
25 24 11
25 25 11
25 30 3
26 29 3
26 29 4
27 28 3
27 28 4
26 29 2
27 28 2
28 26 2
28 27 2
28 26 3
28 27 3
28 26 4
28 27 4
22 28 2
23 27 2
24 27 2
25 30 9
25 30 8
26 29 8
26 29 9
27 28 8
27 28 9
25 30 7
26 29 6
26 29 7
27 28 6
27 28 7
28 26 6
28 26 7
28 27 7
28 27 6
28 26 8
28 27 8
28 26 9
28 27 9
22 27 10
23 27 10
24 26 10
27 22 10
26 23 10
25 25 10
26 29 11
26 29 10
27 28 11
27 28 10
28 26 10
28 27 10
28 26 11
28 27 11
25 24 10
26 29 12
26 29 13
27 28 12
27 28 13
28 26 12
28 27 12
28 26 13
28 27 13
25 31 9
24 31 9
35 17 15
26 31 15
26 31 16
26 32 16
27 32 16
28 32 17
28 32 16
27 32 17
26 32 17
27 32 18
28 32 18
28 32 19
27 32 19
27 32 20
27 31 20
33 16 9
29 20 8
30 19 8
34 14 19
38 17 17
38 17 18
38 19 18
38 18 18
37 19 17
38 18 17
37 16 15
37 17 15
37 18 16
37 18 15
36 18 15
36 17 15
35 18 15
33 13 10
32 14 10
33 13 11
33 14 17
33 14 16
32 14 17
33 14 19
33 14 20
32 15 19
32 14 19
32 16 20
32 15 20
33 15 20
35 16 20
35 16 21
35 15 20
34 17 21
34 16 21
34 18 21
35 17 21
38 17 19
38 17 20
37 17 20
37 18 21
36 18 21
36 19 21
37 18 20
36 19 20
37 19 20
38 18 20
37 14 5
36 13 5
36 14 6
36 14 5
25 31 7
24 31 7
25 31 8
24 31 8
29 20 6
29 20 7
30 19 6
30 19 7
28 21 8
33 16 8
34 19 15
34 18 15
33 20 15
33 19 15
31 23 15
32 22 15
31 22 15
32 21 15
29 24 15
30 23 15
36 15 19
36 15 20
36 16 20
37 16 19
37 17 19
23 31 1
23 32 1
24 32 10
24 32 9
23 33 10
23 33 9
24 32 8
23 33 8
23 33 6
23 33 7
24 32 6
24 32 7
24 32 5
23 33 5
23 32 5
23 33 4
23 32 4
24 32 4
24 31 3
24 32 3
23 33 3
23 33 2
24 32 2
22 34 10
22 34 9
21 34 10
21 35 10
21 35 9
21 34 9
22 34 8
21 35 8
21 34 8
21 34 6
21 34 7
22 34 6
22 34 7
22 33 6
22 33 5
22 34 5
21 34 5
21 34 4
22 34 4
22 34 3
21 34 3
21 34 2
22 34 2
22 33 2
22 34 1
19 31 1
21 35 33
22 35 33
22 36 33
23 36 33
22 34 33
23 35 33
24 35 33
23 36 32
23 37 32
24 36 32
24 36 33
26 35 32
25 35 33
25 36 32
25 34 33
25 33 33
24 34 33
24 33 33
22 33 33
23 34 33
23 33 33
22 36 32
22 37 32
21 36 32
21 36 33
20 36 32
20 35 10
19 35 10
19 35 9
20 35 9
19 34 10
18 34 10
18 34 9
19 34 9
19 34 8
20 35 8
18 34 8
18 34 6
19 34 6
19 34 7
18 34 7
20 34 6
20 35 7
20 34 5
18 33 6
18 33 5
19 34 5
18 33 4
19 34 4
20 34 4
20 34 3
18 33 3
19 34 3
19 34 2
18 32 1
17 31 1
18 31 1
16 30 1
14 29 1
15 30 1
15 29 1
14 28 1
15 28 1
16 29 1
18 30 1
17 30 1
20 35 33
20 34 33
19 35 33
19 34 33
18 34 33
18 35 32
19 35 32
18 34 32
20 35 32
17 33 10
17 33 9
16 33 10
16 33 9
15 32 10
15 32 9
13 31 10
12 30 10
12 30 9
13 31 9
14 31 10
14 31 9
17 33 8
16 33 8
15 32 8
12 30 8
13 31 8
14 31 8
12 30 6
12 30 7
13 31 6
13 31 7
14 31 6
14 31 7
15 32 6
15 32 7
16 33 6
17 33 6
17 33 7
16 33 7
17 33 5
16 33 5
15 32 5
12 30 5
13 31 5
13 30 5
14 31 5
12 30 4
13 30 4
14 31 4
15 31 4
15 32 4
16 32 4
17 33 4
16 33 4
17 33 3
17 32 3
15 31 3
16 32 3
12 30 3
13 30 3
14 31 3
13 30 2
14 31 2
16 32 2
23 33 11
22 34 11
21 35 11
20 35 11
19 35 11
17 34 11
18 34 11
19 34 11
17 34 10
16 33 11
15 32 11
12 30 11
13 31 11
14 31 11
23 33 12
22 34 12
23 33 13
22 34 13
21 35 13
21 35 12
20 35 12
19 35 12
20 35 13
19 35 13
18 34 13
17 34 12
18 34 12
19 34 13
16 33 12
15 32 12
16 33 13
15 32 13
12 30 13
12 30 12
13 31 12
13 31 13
14 32 13
14 32 12
14 31 12
23 33 14
22 34 14
21 35 14
20 35 14
19 35 14
18 34 14
19 34 14
17 34 13
16 33 14
17 33 14
17 34 14
15 32 14
15 33 14
18 34 15
17 34 15
16 33 15
17 33 15
15 33 15
15 32 15
14 32 15
14 31 15
13 31 15
12 30 15
12 31 15
12 30 14
13 31 14
14 32 14
24 32 13
24 32 14
24 31 14
24 32 11
24 32 12
23 34 15
23 34 16
22 35 16
22 34 15
24 34 17
23 34 17
22 35 17
21 35 17
21 35 16
21 35 15
20 35 15
20 35 16
20 35 17
18 35 17
19 35 17
18 34 16
19 35 16
19 35 15
18 34 17
17 34 17
17 34 16
25 32 32
26 31 32
25 31 32
24 32 33
24 31 32
26 30 31
26 29 30
25 30 31
25 29 30
23 29 30
23 30 31
24 30 31
24 29 30
23 32 32
23 31 32
26 34 32
26 33 32
26 34 33
28 33 31
28 32 30
27 32 31
27 34 31
27 33 31
27 33 32
26 30 30
27 30 30
27 31 31
27 31 30
26 32 32
26 33 33
27 32 32
24 32 15
24 31 15
23 33 15
24 33 15
25 32 15
25 32 16
26 23 16
25 24 14
24 26 14
23 28 14
23 27 14
33 25 17
34 24 17
35 23 17
35 22 17
36 22 17
37 20 17
36 21 17
37 20 18
37 19 18
36 21 18
35 22 18
37 21 18
36 22 18
34 24 18
34 25 18
35 23 18
33 23 21
33 24 20
32 24 20
33 23 20
34 22 21
33 22 21
34 21 21
34 22 20
34 23 20
34 21 20
35 22 20
36 20 20
36 21 20
35 20 21
35 21 21
28 22 20
29 22 20
29 21 20
28 22 19
29 21 19
30 21 20
30 20 20
31 19 20
29 20 20
30 19 20
31 20 20
31 19 21
32 18 21
31 18 20
30 23 21
31 22 21
30 22 21
31 21 21
32 20 21
30 21 21
31 20 21
32 19 21
33 18 21
33 19 21
33 17 21
33 16 21
33 16 20
32 17 20
31 17 20
27 21 18
28 20 18
29 19 18
29 18 18
30 18 18
30 17 18
28 21 19
28 20 19
29 19 19
30 18 19
30 17 19
31 17 19
31 16 19
32 15 18
31 16 18
32 14 18
31 15 18
30 16 18
31 16 17
29 23 1
30 22 1
29 22 1
30 21 1
31 20 1
32 19 1
33 16 1
33 17 1
32 18 1
34 16 1
33 18 1
31 21 1
33 20 1
32 24 15
32 23 15
33 23 15
31 24 15
33 22 15
34 21 15
34 22 15
33 21 15
35 19 15
34 20 15
36 19 15
35 20 15
33 25 16
34 24 16
33 24 16
34 23 16
35 23 16
35 22 16
36 21 16
35 21 16
32 25 15
33 24 15
35 21 15
36 20 15
36 19 16
37 19 16
37 20 16
36 20 16
32 20 15
30 23 14
31 22 14
32 21 14
35 18 14
34 19 14
33 20 14
29 20 4
29 20 5
30 19 4
30 19 5
27 21 11
28 20 11
27 21 12
28 20 12
29 19 11
29 18 11
29 18 12
31 16 12
31 16 11
30 17 11
30 23 4
30 23 3
31 22 3
31 22 4
32 21 3
33 20 3
32 21 4
33 20 4
30 23 2
31 22 2
31 21 2
32 21 2
33 20 2
35 16 2
35 17 2
34 18 2
35 16 3
35 17 3
34 18 3
34 19 2
34 19 3
35 16 4
35 17 4
34 18 4
34 19 4
29 22 2
29 20 2
30 19 2
30 23 9
30 23 8
31 22 8
31 21 8
31 22 9
31 21 9
32 21 8
33 20 8
32 21 9
33 20 9
30 23 7
30 23 6
31 22 6
31 22 7
32 21 7
32 21 6
33 20 6
33 20 7
35 16 6
35 16 7
35 17 7
34 18 7
35 17 6
34 18 6
35 16 8
35 17 8
34 18 8
34 19 7
34 19 6
34 19 8
35 16 9
35 17 9
34 18 9
34 19 9
28 20 10
29 19 10
31 16 10
30 23 11
31 22 11
30 23 10
31 22 10
32 21 11
33 20 11
32 20 11
32 21 10
33 20 10
35 16 10
35 17 10
34 18 10
33 19 10
35 17 11
34 18 11
34 19 11
33 19 11
27 21 10
30 17 10
30 23 13
30 23 12
31 22 12
31 22 13
32 21 13
32 21 12
32 20 12
32 20 13
35 17 12
34 18 12
34 19 12
33 20 12
35 18 12
35 18 13
34 19 13
33 20 13
27 23 8
26 24 8
22 28 7
23 27 7
24 27 7
22 28 8
23 27 8
24 27 8
23 28 8
28 26 5
28 27 5
27 28 5
26 29 5
27 27 15
30 24 1
30 24 9
29 24 9
30 24 10
29 24 10
29 25 10
29 25 9
29 25 14
29 25 3
29 25 4
29 25 2
29 25 8
29 25 6
29 25 7
29 25 11
29 25 12
29 25 13
29 24 4
30 23 5
29 24 5
29 25 5
29 24 6
29 24 13
29 24 14
30 24 2
29 24 2
29 24 7
29 24 8
30 24 8
29 24 11
30 24 11
29 24 12
25 31 3
22 28 3
23 27 3
24 27 3
29 20 3
30 19 3
36 16 14
37 15 9
36 15 9
37 15 4
37 15 5
36 15 6
35 16 5
36 15 5
36 15 4
37 15 10
37 15 2
36 15 2
36 16 13
36 16 11
35 17 14
35 17 13
36 15 3
37 15 3
36 15 8
36 15 7
35 16 11
36 16 10
33 19 9
35 17 5
34 18 5
34 19 5
33 20 5
31 22 5
32 21 5
34 18 13
34 18 14
33 19 14
30 24 3
29 24 3
21 27 4
20 27 4
19 26 4
20 27 5
19 26 5
21 27 5
17 25 4
16 24 4
16 24 5
17 25 5
16 25 5
18 26 4
18 26 5
16 25 6
17 25 6
18 26 6
19 26 6
20 27 6
21 27 6
16 24 2
17 25 2
18 26 2
19 26 2
20 27 2
21 27 2
22 28 16
22 28 17
23 28 19
22 28 18
22 28 14
21 28 13
20 27 11
19 27 11
18 27 11
19 27 12
20 27 12
21 27 12
17 26 12
16 25 12
17 26 11
18 26 12
16 25 13
17 26 13
18 27 13
18 26 13
18 27 12
19 27 13
20 28 13
20 27 13
20 27 10
19 27 10
18 27 10
17 26 10
20 27 7
19 27 7
21 27 7
19 27 8
20 27 8
21 27 8
16 25 7
17 25 7
16 25 8
17 26 8
18 26 7
18 26 8
19 26 3
20 27 3
21 27 3
16 24 3
17 25 3
18 26 3
22 29 30
22 30 31
21 29 30
21 29 31
22 29 31
21 30 32
22 30 32
20 31 33
21 32 33
21 31 32
20 30 32
22 32 33
22 31 32
21 33 33
21 34 33
20 33 33
20 32 33
19 33 33
19 30 1
18 29 1
17 29 1
14 27 1
16 28 1
15 27 1
25 30 20
26 31 20
26 30 21
27 31 21
24 34 19
23 35 19
24 34 20
23 34 20
23 35 20
24 34 22
23 35 22
23 35 21
24 34 21
22 35 22
21 35 22
21 35 21
22 35 21
21 35 20
22 35 20
21 35 19
22 35 19
20 35 19
20 35 20
20 35 22
20 35 21
19 35 22
18 35 21
19 35 21
18 35 20
19 35 20
18 35 19
19 35 19
18 34 19
18 34 20
18 34 22
18 34 21
17 34 22
17 34 21
17 34 20
17 34 19
15 25 16
16 25 16
16 26 17
16 26 16
17 26 16
24 29 19
23 29 19
24 29 20
23 35 18
22 35 18
24 34 18
21 35 18
19 35 18
18 35 18
20 35 18
26 29 26
27 29 26
27 29 25
26 29 27
27 29 27
26 29 28
28 30 26
27 30 25
28 30 27
26 29 29
27 29 29
27 30 29
28 31 29
28 30 29
27 29 28
27 30 28
27 30 27
28 30 28
28 32 29
28 32 28
28 31 28
28 31 27
28 31 26
28 31 25
28 30 25
22 29 26
22 28 26
22 29 27
23 28 27
23 29 27
23 28 28
24 28 26
24 28 27
25 28 27
25 28 26
24 28 28
23 28 26
24 29 29
25 29 29
26 28 28
26 28 26
26 28 27
25 28 28
19 35 26
18 35 25
19 35 25
18 35 26
19 35 24
18 35 24
18 35 23
19 35 23
18 34 23
17 34 26
17 34 25
17 34 24
17 34 23
18 34 24
18 35 22
27 30 21
26 29 21
26 29 22
27 30 22
27 31 22
19 27 17
18 27 17
18 27 18
19 27 18
18 27 19
19 27 19
17 27 17
17 27 18
18 27 20
18 28 20
19 28 20
25 29 21
24 28 21
24 28 20
23 28 20
22 28 21
23 28 21
24 28 22
25 28 22
25 28 21
25 29 22
22 28 19
21 28 18
21 28 19
22 28 20
21 28 17
24 33 16
25 32 17
25 33 17
24 33 17
26 32 18
26 32 20
26 32 19
27 33 30
28 33 30
27 34 30
28 33 29
26 35 31
26 36 31
26 36 30
26 35 30
27 34 29
27 33 29
25 36 31
24 37 32
24 37 31
23 37 30
24 37 30
23 37 31
25 36 30
22 37 31
20 36 31
21 36 31
20 36 30
21 36 30
22 37 30
19 36 31
19 35 31
18 35 31
18 35 30
19 35 30
19 36 30
27 32 21
15 33 32
15 33 31
14 33 32
14 33 31
15 34 31
14 32 32
13 32 32
13 32 31
14 32 31
14 32 30
14 33 30
15 33 30
28 32 25
28 32 26
28 32 27
28 33 28
27 33 28
27 33 27
28 33 27
27 33 25
27 32 25
27 32 26
27 33 26
27 32 22
26 33 18
25 33 18
26 33 19
25 33 19
25 35 29
25 36 29
25 35 28
24 36 29
25 36 28
24 36 28
23 37 29
23 36 29
23 36 28
22 36 26
23 36 26
23 36 27
22 36 27
24 36 26
24 36 27
24 35 26
25 35 25
25 35 27
24 35 27
22 37 29
21 36 29
22 36 29
21 36 28
22 36 28
20 36 29
20 36 28
20 36 26
20 36 27
19 36 27
21 36 26
21 36 27
19 36 29
19 35 29
19 35 28
18 35 28
18 35 29
17 35 28
18 35 27
17 34 27
19 35 27
26 33 20
25 33 20
25 34 20
15 34 29
15 33 29
14 33 29
15 33 28
14 33 28
14 32 29
13 32 29
13 32 28
14 32 28
13 32 26
14 32 26
14 32 27
13 32 27
14 33 26
14 33 27
15 33 26
15 33 27
26 33 24
26 33 25
26 33 26
26 34 27
26 34 26
26 34 25
27 34 27
27 34 28
26 34 28
26 34 29
26 35 28
26 35 29
26 35 27
25 35 26
25 34 25
25 34 26
26 33 21
25 33 21
26 33 22
25 33 22
25 34 22
27 30 23
27 31 23
26 29 23
27 29 23
26 29 24
27 29 24
27 30 24
28 31 23
22 35 23
22 36 22
23 35 23
22 36 23
22 36 24
23 35 24
24 34 23
24 35 23
24 35 25
24 35 24
23 35 25
22 36 25
23 36 25
20 35 23
21 36 23
21 36 25
21 36 24
20 36 24
20 35 25
20 35 24
20 36 25
27 32 23
25 34 23
26 33 23
25 34 24
27 35 30
26 34 30
24 36 30
22 36 30
26 32 21
13 32 30
26 32 22
25 35 30
27 33 24
27 32 24
26 32 23
26 32 24
21 28 14
16 32 33
15 32 33
15 31 33
15 33 33
16 33 33
14 31 33
13 31 33
14 32 33
15 33 16
15 32 16
14 32 16
15 33 17
15 32 17
14 32 17
13 31 17
13 31 16
18 29 31
18 28 31
18 29 32
18 28 30
18 27 30
18 27 31
17 26 30
17 27 31
17 27 30
16 27 32
16 28 33
16 29 33
16 28 32
17 28 33
17 28 32
17 29 33
18 30 33
18 29 33
17 30 33
17 29 32
17 31 34
16 30 33
16 30 34
15 29 33
15 29 34
15 30 34
14 30 34
16 31 34
17 32 34
15 33 19
15 32 19
15 33 20
15 32 20
14 32 19
14 32 20
15 33 21
15 33 22
15 32 21
14 32 22
14 32 21
13 32 22
13 31 21
13 31 20
13 31 19
15 33 18
16 33 18
16 33 19
16 33 17
17 34 18
18 28 29
18 27 28
18 28 28
18 27 27
19 28 28
19 27 28
19 27 27
19 27 26
18 27 26
17 27 26
17 27 27
19 27 25
19 27 24
18 27 25
18 27 24
19 27 23
19 28 23
18 27 23
18 27 22
17 27 24
17 27 25
16 34 30
15 34 30
16 34 29
17 34 30
17 34 29
19 27 14
18 26 14
18 27 14
17 26 14
17 27 16
18 26 16
18 26 17
19 27 16
13 31 18
14 32 18
15 32 18
17 26 21
17 26 20
16 26 20
16 26 21
17 26 19
16 26 19
16 26 18
15 25 19
15 25 20
15 26 20
15 26 21
12 32 31
12 31 31
12 31 32
11 31 32
11 31 31
12 32 27
12 32 26
12 32 28
12 31 27
12 31 26
12 31 28
12 32 29
12 31 29
11 31 29
11 31 30
11 31 28
11 31 26
11 31 27
13 32 25
14 32 25
13 32 24
13 32 23
14 32 23
14 32 24
14 33 25
15 33 23
15 33 25
15 33 24
14 33 24
14 33 23
12 32 30
12 31 30
13 31 32
12 31 33
13 30 33
12 29 34
12 30 33
11 30 33
11 30 32
12 30 16
12 30 17
15 27 32
15 28 33
14 27 33
15 26 31
16 26 30
16 26 31
15 26 30
14 26 30
14 26 32
15 26 32
14 29 34
13 29 34
15 28 34
14 28 34
13 28 34
12 31 19
12 31 20
12 31 22
12 31 21
12 30 19
17 26 29
16 26 29
17 26 28
16 26 28
16 27 27
16 26 27
15 26 29
16 26 24
16 27 24
16 26 23
17 26 24
17 26 23
16 26 22
17 26 22
15 26 22
15 26 23
16 25 14
17 25 14
17 34 32
17 34 33
18 33 33
17 33 33
17 32 33
16 33 32
16 34 32
16 33 16
20 29 31
19 30 32
21 28 30
20 28 30
20 29 30
19 28 30
19 29 30
19 29 31
19 32 33
18 32 33
19 31 33
18 31 33
16 33 20
16 34 22
16 34 21
16 33 22
16 33 21
21 28 29
20 28 29
16 34 23
16 34 26
16 34 25
16 34 24
16 33 25
16 33 23
16 33 24
21 27 20
21 28 20
21 27 21
21 28 21
20 28 18
20 28 19
20 27 19
20 27 20
20 28 21
20 28 20
20 28 17
20 27 17
21 27 16
20 27 16
20 27 18
17 35 31
17 35 30
17 34 31
16 34 31
17 34 28
16 34 27
16 34 28
21 28 24
20 28 23
21 28 23
22 28 23
21 28 22
22 28 22
20 28 22
19 28 22
20 27 14
21 27 14
18 34 18
18 27 21
17 27 20
17 27 19
17 26 18
18 27 29
17 27 28
17 27 29
18 28 22
16 26 26
16 26 25
15 26 24
16 27 25
15 25 23
20 28 27
19 28 29
20 28 28
21 28 27
20 28 26
20 28 25
20 28 24
21 28 25
21 28 16
23 29 29
22 28 28
22 29 29
22 28 27
21 28 28
22 28 29
19 30 33
19 29 32
14 27 30
18 30 29
18 29 30
18 29 29
19 29 29
19 29 22
19 29 21
18 29 21
18 29 22
18 28 21
19 28 21
16 28 25
17 28 25
16 28 26
17 28 26
16 27 26
16 27 16
15 27 17
15 27 16
15 28 17
15 28 16
16 28 16
16 27 17
16 28 17
15 26 17
22 29 24
21 29 25
21 30 25
21 29 26
21 30 26
22 29 25
22 28 25
22 29 17
21 29 18
21 29 17
21 30 17
21 30 18
20 30 18
20 29 18
20 29 17
20 30 17
19 30 29
18 30 30
14 27 21
12 30 18
12 31 18
11 31 25
11 31 23
11 31 24
12 31 25
12 31 24
12 31 23
11 31 22
15 26 19
15 26 18
15 25 27
15 25 28
15 26 28
11 23 24
13 25 28
11 23 19
13 25 23
7 15 25
6 14 25
6 14 24
4 14 24
28 31 24
28 30 24
26 29 25
26 28 25
25 28 25
24 28 25
28 32 24
23 28 25
27 31 24
9 23 31
7 24 34
11 30 31
12 29 33
13 27 34
16 33 30
17 31 33
15 2 21
16 1 20
15 2 20
37 16 20
36 17 21
36 17 20
35 18 21
35 19 21
17 4 20
18 4 20
18 3 20
34 14 20
34 15 20
13 1 19
14 0 19
13 0 19
38 19 19
38 18 19
14 1 16
33 14 18
33 14 15
34 14 18
36 16 21
35 15 21
34 15 21
37 17 21
34 20 21
33 20 21
34 19 21
31 23 21
32 23 21
32 22 21
32 21 21
33 21 21
37 19 19
37 18 19
37 20 19
35 22 19
36 20 19
36 21 19
33 25 20
33 25 19
34 24 19
34 23 19
35 23 19
38 17 16
38 18 16
1 17 31
1 18 31
1 17 32
2 17 32
1 17 33
3 17 33
2 17 33
3 17 32
2 16 27
2 17 26
2 17 27
2 18 26
2 18 27
2 17 28
2 17 29
1 17 28
23 29 28
22 28 24
23 28 23
23 28 24
24 28 24
24 28 23
25 28 23
23 28 22
25 28 24
26 28 24
9 15 19
10 15 19
10 14 19
11 15 19
9 17 19
7 10 16
6 11 15
5 13 16
6 18 31
9 8 16
9 7 16
10 6 16
10 19 4
10 19 5
10 19 6
10 19 2
10 19 7
10 19 8
9 19 8
10 19 3
30 29 20
30 28 19
31 27 16
30 28 16
26 31 31
35 21 20
32 18 20
29 20 19
32 25 16
34 22 16
21 27 11
21 27 10
28 31 30
21 36 22
