2835 27 42 11
12 37 0
12 38 0
13 38 0
12 38 1
13 38 1
14 38 1
13 37 0
14 38 0
14 37 0
14 36 0
13 36 0
12 36 0
12 39 2
13 39 2
14 39 2
14 38 9
14 39 8
13 39 8
12 39 8
13 38 9
12 38 9
14 37 10
13 37 10
12 37 10
12 36 10
13 36 10
14 36 10
17 38 3
16 38 3
16 39 3
16 38 2
15 39 2
16 39 4
15 38 2
11 38 2
11 39 2
10 38 3
10 39 4
9 38 5
10 39 5
9 38 4
10 39 3
10 38 7
10 39 6
9 38 6
11 38 8
11 39 8
10 39 7
11 39 7
15 38 8
15 39 8
16 38 8
15 39 7
16 38 7
16 39 7
17 38 7
16 39 6
17 38 6
17 39 6
17 38 5
17 39 5
16 39 5
17 38 4
17 39 4
17 38 2
16 38 1
15 38 1
10 38 1
10 38 2
11 38 1
9 38 3
8 38 5
9 38 7
10 38 8
11 38 9
15 38 9
18 38 6
18 38 5
18 38 4
18 37 3
17 37 2
16 37 1
18 38 3
15 37 1
10 37 1
11 37 1
8 37 3
9 38 2
9 37 2
8 37 5
8 38 4
8 37 4
8 37 7
8 38 6
8 37 6
10 37 9
10 38 9
9 38 8
9 37 8
11 37 9
15 37 9
16 37 9
16 38 9
17 37 8
17 38 8
18 37 7
18 38 7
18 37 6
18 37 5
18 37 4
8 36 7
9 36 8
10 36 9
10 36 1
9 36 2
8 36 3
8 36 5
8 36 6
8 36 4
11 36 9
11 37 0
11 36 0
15 36 9
16 36 9
15 37 0
16 36 1
15 36 0
17 36 8
18 36 7
18 36 3
17 36 2
18 36 5
18 36 4
18 36 6
15 39 4
15 39 3
14 39 3
13 39 3
12 39 3
11 39 4
11 39 5
11 39 6
12 39 7
12 39 6
13 39 7
14 39 7
15 39 6
15 39 5
12 39 4
13 39 4
14 39 4
12 39 5
13 39 5
14 39 5
13 39 6
14 39 6
15 40 3
14 40 3
15 41 3
14 41 3
12 40 7
13 40 7
12 41 7
13 41 7
11 40 4
11 40 5
11 41 4
11 41 5
11 40 6
11 41 6
14 40 7
15 40 7
14 41 7
15 41 7
15 40 4
15 41 4
12 40 3
12 41 3
13 40 3
13 41 3
15 40 6
15 41 6
15 40 5
15 41 5
16 41 4
16 41 6
14 41 2
13 41 2
16 41 5
16 40 6
16 40 5
16 40 4
14 40 2
13 40 2
11 39 3
12 31 0
13 31 0
14 31 0
14 31 1
13 31 1
12 31 1
13 32 0
12 32 0
14 32 0
12 30 1
13 30 1
13 30 2
14 30 1
14 30 2
12 30 2
14 30 9
13 30 9
13 30 8
12 30 9
12 30 8
14 30 8
14 31 9
13 31 9
12 31 9
14 31 10
13 31 10
12 31 10
13 32 10
14 32 10
12 32 10
17 30 3
16 30 3
16 30 4
15 30 2
16 30 2
11 30 2
10 30 3
10 30 4
9 30 5
9 30 4
10 30 5
10 30 7
9 30 6
10 30 6
11 30 8
11 30 7
15 30 8
15 30 7
16 30 8
16 30 7
16 30 6
17 30 7
17 30 6
16 30 5
17 30 5
17 30 4
17 31 3
17 31 2
16 31 2
16 31 1
15 31 1
10 31 1
11 31 1
10 31 2
9 31 3
8 31 5
9 31 4
9 31 5
9 31 7
9 31 6
10 31 8
11 31 9
15 31 9
16 31 8
17 31 7
17 31 6
18 31 6
18 31 5
17 31 4
18 31 4
18 31 3
8 31 3
9 31 2
8 31 4
8 31 7
8 31 6
10 31 9
9 31 8
16 31 9
17 31 8
18 31 7
9 32 8
10 32 9
8 32 7
9 32 2
8 32 3
10 32 1
8 32 6
8 32 5
8 32 4
11 32 9
11 32 0
16 32 9
15 32 9
15 32 0
16 32 1
18 32 7
17 32 8
17 32 2
18 32 3
18 32 4
18 32 5
18 32 6
11 28 5
11 29 5
11 28 6
11 29 6
11 30 6
11 30 5
16 28 6
16 28 5
16 29 5
16 29 6
16 28 4
16 29 4
12 28 7
12 29 7
12 30 7
15 28 3
15 29 3
15 30 3
13 28 7
13 29 7
13 30 7
14 28 3
14 29 3
14 28 2
14 29 2
14 30 3
14 28 7
14 29 7
14 30 7
13 28 2
13 29 2
15 28 7
15 29 7
12 28 3
11 28 3
11 29 3
11 28 4
11 29 4
11 30 4
12 29 3
11 30 3
12 30 3
15 28 6
15 29 6
15 30 6
13 35 0
14 35 0
14 34 0
12 35 0
13 34 0
12 34 0
13 35 10
12 35 10
12 34 10
14 35 10
13 34 10
14 34 10
8 35 6
8 35 5
8 34 5
8 35 7
8 34 6
8 34 7
8 35 4
8 35 3
8 34 3
8 34 4
9 35 8
10 35 9
9 34 8
10 34 9
9 35 2
10 35 1
10 34 1
9 34 2
11 35 9
11 34 9
11 35 0
11 34 0
15 35 9
16 35 9
15 34 9
16 34 9
15 35 0
16 35 1
16 34 1
15 34 0
17 35 8
18 35 7
17 34 8
18 34 7
17 35 2
18 35 3
18 34 3
17 34 2
18 35 4
18 35 5
18 34 5
18 34 4
18 35 6
18 34 6
12 33 0
13 33 0
14 33 0
14 33 10
13 33 10
12 33 10
8 33 7
8 33 6
8 33 5
8 33 4
8 33 3
10 33 9
9 33 8
9 33 2
10 33 1
11 33 9
11 33 0
16 33 9
15 33 9
15 33 0
16 33 1
18 33 7
17 33 8
17 33 2
18 33 3
18 33 4
18 33 5
18 33 6
12 8 4
12 7 4
12 8 5
12 7 5
12 8 3
12 9 4
12 9 3
12 9 5
12 9 6
12 8 6
12 11 4
12 10 4
12 11 3
12 10 3
12 11 5
12 10 5
12 11 6
12 10 6
12 14 4
12 13 3
12 13 4
12 14 5
12 13 5
12 13 6
5 13 3
5 14 4
5 14 5
5 13 6
12 13 2
12 13 1
5 13 1
5 15 1
5 14 1
12 15 1
13 15 1
13 13 1
13 13 2
13 6 5
12 6 5
12 6 4
13 6 4
12 13 8
12 13 7
13 13 8
12 14 1
13 14 1
13 14 8
12 14 8
13 15 8
12 15 8
13 7 6
12 7 6
12 7 3
13 7 3
13 7 7
12 7 7
12 8 2
13 8 2
13 8 7
12 8 7
5 14 8
5 15 8
5 13 8
12 11 1
12 10 1
13 11 1
13 10 1
13 9 1
12 9 1
13 11 8
12 11 8
12 10 8
12 9 8
13 10 8
13 9 8
12 11 2
12 10 2
12 9 2
12 8 8
13 8 8
13 15 6
13 15 5
12 15 5
12 15 6
5 15 6
5 15 5
5 14 6
13 15 4
12 15 4
5 15 4
13 15 3
12 15 3
5 15 3
5 14 3
5 13 7
5 14 7
12 15 7
13 15 7
5 15 7
12 9 7
12 10 7
12 11 7
5 13 2
5 14 2
5 15 2
12 15 2
13 15 2
15 8 4
15 7 4
15 8 5
15 7 5
15 8 3
15 9 4
15 9 3
15 9 5
15 9 6
15 8 6
15 11 4
15 10 4
15 10 3
15 11 3
15 11 5
15 10 5
15 11 6
15 10 6
15 14 4
15 13 4
15 13 3
15 14 5
15 13 5
15 13 6
21 13 3
21 14 4
21 14 5
21 13 6
15 13 2
15 13 1
21 13 1
21 15 1
21 14 1
15 15 1
14 15 1
14 13 2
14 13 1
14 6 5
14 6 4
15 6 4
15 6 5
15 13 8
15 13 7
14 13 8
15 14 1
14 14 1
15 14 8
14 14 8
15 15 8
14 15 8
13 6 6
14 6 6
14 7 6
15 6 6
15 7 6
15 7 3
14 7 3
14 7 7
15 7 7
15 8 2
14 8 2
14 8 7
15 8 7
21 14 8
21 15 8
21 13 8
15 11 1
15 10 1
14 10 1
15 9 1
14 9 1
14 11 1
14 10 8
14 9 8
15 9 8
14 11 8
15 10 8
15 11 8
15 11 2
15 10 2
15 9 2
14 9 2
13 9 2
14 8 8
15 8 8
14 15 6
15 15 6
15 15 5
14 15 5
21 15 6
21 15 5
21 14 6
15 15 4
14 15 4
21 15 4
15 15 3
14 15 3
21 15 3
21 14 3
21 13 7
21 14 7
14 15 7
15 15 7
21 15 7
15 9 7
15 11 7
15 10 7
21 13 2
21 14 2
21 15 2
15 15 2
14 15 2
6 13 3
6 14 4
7 13 3
7 13 4
8 13 3
8 13 4
8 14 4
6 13 4
7 14 4
9 13 3
9 14 4
10 13 3
10 14 4
11 13 3
11 13 4
10 13 4
11 14 4
6 14 5
7 14 5
8 14 5
9 14 5
10 14 5
11 14 5
6 13 6
7 13 6
8 13 6
9 13 6
10 13 6
11 13 6
6 13 1
7 13 1
8 13 1
9 13 1
9 13 2
10 13 2
11 13 2
10 13 1
11 13 1
6 15 1
7 15 1
8 15 1
9 15 1
10 15 1
11 15 1
6 13 8
7 13 8
8 13 8
9 13 8
10 13 8
11 13 8
8 13 2
6 14 1
7 14 1
8 14 1
9 14 1
10 14 1
11 14 1
6 14 8
7 14 8
8 14 8
9 14 8
10 14 8
11 14 8
6 15 8
8 15 8
7 15 8
9 15 8
10 15 8
11 15 8
6 15 6
6 15 5
7 15 6
8 15 6
8 15 5
7 15 5
9 15 6
9 15 5
10 15 6
10 15 5
11 15 6
11 15 5
6 15 4
8 15 4
7 15 4
9 15 4
10 15 4
11 15 4
6 15 3
8 15 3
7 15 3
9 15 3
10 15 3
11 15 3
6 13 7
7 13 7
8 13 7
9 13 7
10 13 7
11 13 7
6 15 7
7 15 7
8 15 7
9 15 7
10 15 7
11 15 7
6 13 2
7 13 2
6 15 2
7 15 2
8 15 2
9 15 2
10 15 2
11 15 2
16 13 3
16 14 4
17 13 3
17 14 4
18 13 3
18 13 4
19 13 3
19 13 4
19 14 4
17 13 4
18 14 4
20 13 3
20 14 4
16 14 5
17 14 5
18 14 5
19 14 5
20 14 5
16 13 6
17 13 6
18 13 6
19 13 6
20 13 6
16 13 2
17 13 1
17 13 2
18 13 1
19 13 1
18 13 2
20 13 1
16 13 1
16 15 1
17 15 1
18 15 1
19 15 1
20 15 1
16 13 8
17 13 8
18 13 8
19 13 8
20 13 8
19 13 2
16 14 1
17 14 1
18 14 1
19 14 1
20 14 1
16 14 8
17 14 8
18 14 8
19 14 8
20 14 8
16 15 8
17 15 8
19 15 8
18 15 8
20 15 8
16 15 6
16 15 5
17 15 6
17 15 5
18 15 6
19 15 6
19 15 5
18 15 5
20 15 6
20 15 5
16 15 4
17 15 4
19 15 4
18 15 4
20 15 4
16 15 3
17 15 3
19 15 3
18 15 3
20 15 3
16 13 7
17 13 7
18 13 7
19 13 7
20 13 7
16 15 7
17 15 7
18 15 7
19 15 7
20 15 7
20 13 2
16 15 2
17 15 2
18 15 2
19 15 2
20 15 2
12 12 2
12 12 7
12 12 6
12 12 3
12 12 4
12 12 5
12 12 8
13 12 8
13 12 2
15 12 2
15 12 7
15 12 6
15 12 3
15 12 4
15 12 5
15 12 8
14 12 8
14 12 2
14 11 2
13 11 2
1 15 7
1 14 8
0 14 7
0 15 7
1 15 6
2 15 6
0 14 8
2 17 9
3 17 9
1 15 10
1 16 10
0 16 10
1 16 9
1 17 9
0 15 10
0 16 9
2 17 8
1 16 8
0 15 9
1 17 8
0 15 8
1 16 7
1 14 9
0 14 9
1 14 7
1 15 8
1 15 9
2 16 8
2 15 7
3 14 7
4 14 8
3 14 8
4 14 7
3 15 6
3 13 8
4 13 8
3 16 9
4 17 9
4 15 10
4 16 9
4 14 10
4 15 9
4 16 8
4 15 8
4 14 9
4 15 7
3 15 7
3 14 10
3 14 9
4 13 9
3 15 8
3 16 8
2 16 7
4 16 7
3 17 8
25 15 7
26 14 8
26 15 7
26 14 7
25 15 6
24 15 6
24 17 9
25 17 9
25 15 10
26 15 10
25 16 10
26 16 10
25 16 9
26 16 9
25 17 8
26 16 8
26 15 9
26 15 8
25 16 8
25 16 7
26 14 9
25 15 8
24 15 7
24 16 8
23 14 7
23 14 8
22 14 7
23 15 6
23 13 8
22 13 8
23 16 9
23 17 9
23 15 10
22 15 10
22 16 9
22 14 8
23 14 10
22 14 10
22 15 9
23 16 8
22 15 8
22 14 9
23 15 8
22 15 7
23 15 7
23 14 9
22 13 9
23 15 9
24 15 8
24 16 7
24 17 8
23 16 7
3 16 6
3 17 6
3 17 5
4 17 5
4 17 6
4 18 6
3 17 7
4 17 7
4 18 7
3 18 7
3 19 7
2 17 7
2 18 7
2 19 6
2 18 6
2 16 6
2 17 6
2 18 5
23 17 5
24 17 6
23 17 6
24 16 6
23 16 6
22 17 6
22 18 6
23 18 7
23 18 6
23 17 7
23 19 7
23 17 8
24 18 7
24 19 6
24 17 7
24 18 6
25 17 7
24 18 5
23 20 6
23 21 6
22 20 6
22 19 7
24 20 6
24 21 6
24 19 7
25 20 5
24 21 5
25 19 6
21 20 5
22 18 7
22 19 6
25 20 4
24 21 4
25 19 5
21 20 4
22 18 5
21 19 5
24 20 3
24 21 3
25 18 5
24 19 4
25 19 4
24 20 4
22 20 3
22 19 4
22 17 4
22 18 4
23 20 3
23 21 2
23 19 4
23 18 4
23 19 3
23 17 4
24 18 4
19 24 3
20 24 3
20 23 4
19 23 4
20 23 5
19 23 5
20 24 6
19 24 6
19 26 2
20 26 2
20 25 3
19 25 2
20 25 7
20 26 7
19 25 7
19 26 7
19 27 3
20 27 3
20 27 7
20 28 7
19 27 7
19 28 5
20 28 5
20 28 4
21 28 4
19 28 4
20 28 3
20 28 6
19 28 6
18 24 5
18 24 6
18 24 4
18 25 6
18 25 5
18 25 3
18 26 7
18 26 5
18 25 4
18 26 4
18 26 3
18 26 6
18 27 6
18 27 5
18 27 4
18 27 3
21 24 3
21 23 4
21 24 6
21 26 2
21 25 2
21 25 3
21 25 7
21 26 7
21 27 3
22 27 3
22 26 3
20 26 3
22 27 6
21 27 6
21 28 5
22 28 5
22 27 4
21 28 6
21 24 2
21 23 5
21 23 6
22 25 2
22 24 6
22 25 3
22 25 6
23 25 6
22 26 6
23 27 5
22 27 5
23 26 5
23 26 4
23 27 4
21 23 2
21 23 3
21 22 2
21 22 3
21 22 4
21 22 5
21 22 6
22 24 2
22 23 2
22 23 6
22 24 3
23 23 3
23 25 3
23 24 3
23 23 5
23 25 5
23 25 4
24 24 5
24 24 4
23 26 3
23 24 6
22 21 3
21 21 3
21 21 4
21 21 5
22 20 5
22 21 6
23 22 2
22 22 2
22 21 2
22 22 3
22 22 6
23 22 6
24 22 3
23 22 3
23 21 3
23 23 6
24 22 6
24 22 5
24 22 4
24 23 5
24 23 4
24 23 3
22 17 5
22 16 6
22 16 7
22 17 7
22 17 8
24 17 5
24 16 5
23 18 8
25 17 5
25 17 6
25 16 6
24 18 8
25 18 7
25 18 6
4 20 6
5 20 6
4 21 6
4 19 7
2 20 6
3 20 6
3 21 6
2 19 7
2 20 5
2 21 5
1 19 6
5 20 5
5 18 6
5 19 6
4 19 6
2 20 4
2 21 4
2 19 5
5 20 4
5 18 5
5 19 5
2 20 3
2 21 3
2 19 4
4 20 3
4 19 4
5 20 3
4 17 4
4 18 4
4 18 5
3 20 3
3 21 2
3 18 4
3 19 3
2 18 4
3 19 4
7 24 3
7 23 4
6 23 4
6 24 3
7 23 5
6 23 5
7 24 6
6 24 6
7 26 2
7 25 2
7 25 3
6 25 3
6 26 2
7 25 7
7 26 7
6 26 7
6 25 7
7 27 3
6 27 3
7 27 7
6 28 7
6 27 7
7 28 5
7 28 4
6 28 4
6 28 5
7 28 6
6 28 6
8 24 5
8 24 4
8 25 3
8 24 6
8 25 5
8 25 6
8 25 4
8 26 3
8 26 5
8 26 7
8 26 4
8 26 6
8 27 4
8 27 3
8 27 5
8 27 6
5 25 3
5 25 2
5 25 7
6 26 3
5 27 3
5 26 3
5 26 7
5 27 6
5 28 5
5 28 4
4 27 4
4 28 5
4 27 3
5 28 6
4 27 6
5 24 2
5 23 6
4 25 2
5 25 6
5 24 6
4 24 6
4 26 3
4 25 3
4 25 6
4 26 6
4 27 5
3 26 4
3 26 5
5 23 3
5 22 4
5 23 2
5 22 3
5 22 2
5 22 5
5 22 6
4 24 2
4 23 2
4 23 6
4 24 3
4 23 3
3 24 3
3 23 3
3 23 5
3 25 4
3 24 4
3 25 5
3 24 5
3 25 3
3 24 6
5 21 3
5 21 4
5 21 5
5 21 6
4 22 2
4 22 3
4 21 3
4 21 2
4 22 6
3 22 3
3 21 3
3 22 6
2 22 4
2 23 4
3 23 4
2 22 5
2 23 5
3 22 5
5 17 6
4 16 6
5 17 7
4 17 8
2 17 5
2 16 5
3 18 8
4 18 8
1 17 6
2 18 8
1 18 6
1 17 7
1 18 7
19 29 1
20 29 1
7 29 1
5 15 9
21 15 9
20 29 9
20 29 8
19 29 9
19 29 8
7 29 9
7 29 8
9 29 1
10 29 1
8 29 1
12 29 1
13 29 1
11 29 1
15 29 1
16 29 1
14 29 1
18 29 1
17 29 1
8 15 9
9 15 9
7 15 9
6 15 9
12 15 9
13 15 9
11 15 9
10 15 9
16 15 9
17 15 9
15 15 9
14 15 9
20 15 9
19 15 9
18 15 9
9 29 9
10 29 9
10 29 8
9 29 8
8 29 9
8 29 8
12 29 9
13 29 9
13 29 8
12 29 8
11 29 9
11 29 8
15 29 9
16 29 9
16 29 8
15 29 8
14 29 9
14 29 8
18 29 9
18 29 8
17 29 9
17 29 8
20 28 1
20 27 1
20 26 1
20 25 1
20 23 1
20 22 1
20 24 1
21 20 1
21 19 1
21 21 1
20 20 1
20 21 1
21 18 1
21 17 1
21 16 1
7 28 1
7 27 1
7 26 1
6 25 1
6 26 1
6 27 1
6 24 1
6 23 1
6 22 1
6 20 1
6 19 1
5 19 1
6 21 1
6 18 1
5 17 1
5 16 1
5 18 1
21 22 1
6 28 1
20 28 9
20 27 9
20 27 8
20 26 9
20 25 9
20 25 8
20 26 8
20 28 8
20 23 9
20 22 9
21 22 8
20 23 8
20 24 9
20 24 8
21 20 9
21 19 9
21 19 8
21 20 8
21 21 9
21 22 9
21 21 8
21 18 9
21 17 9
21 17 8
21 16 9
21 16 8
21 18 8
6 28 8
6 27 8
6 26 8
6 25 8
6 26 9
6 25 9
6 27 9
7 28 9
6 24 8
6 23 8
6 22 8
6 23 9
6 22 9
6 24 9
6 20 8
5 19 8
5 19 9
6 21 8
6 20 9
6 21 9
5 18 8
5 17 8
5 16 8
5 16 9
5 17 9
5 18 9
20 20 9
20 21 9
7 27 9
7 26 9
6 19 9
6 18 9
10 28 1
9 28 1
10 27 1
9 27 1
8 27 1
10 26 1
9 26 1
10 25 1
9 25 1
8 25 1
8 26 1
7 25 1
8 28 1
10 24 1
9 24 1
8 24 1
10 23 1
9 23 1
10 22 1
9 22 1
8 22 1
8 23 1
7 23 1
7 22 1
7 24 1
10 21 1
9 21 1
10 20 1
9 20 1
8 20 1
10 19 1
9 19 1
8 19 1
7 19 1
8 21 1
7 20 1
7 21 1
10 18 1
9 18 1
9 17 1
9 16 1
8 16 1
8 17 1
7 16 1
7 17 1
6 16 1
10 17 1
8 18 1
6 17 1
7 18 1
13 28 1
12 28 1
13 27 1
12 27 1
13 26 1
12 26 1
13 25 1
12 25 1
11 26 1
11 25 1
11 27 1
11 28 1
13 24 1
12 24 1
11 24 1
13 23 1
12 23 1
13 22 1
12 22 1
11 22 1
11 23 1
11 20 1
11 19 1
13 21 1
12 21 1
13 20 1
12 20 1
13 19 1
12 19 1
11 21 1
13 18 1
12 18 1
13 17 1
12 17 1
11 17 1
13 16 1
12 16 1
11 16 1
10 16 1
11 18 1
16 28 1
15 28 1
16 27 1
15 27 1
16 26 1
15 26 1
16 25 1
15 25 1
14 26 1
14 25 1
14 27 1
14 28 1
16 24 1
15 24 1
16 23 1
17 22 1
16 22 1
15 22 1
15 23 1
14 23 1
14 22 1
14 24 1
17 21 1
16 21 1
17 20 1
16 20 1
15 20 1
17 19 1
16 19 1
15 19 1
14 19 1
15 21 1
14 20 1
14 21 1
17 18 1
16 18 1
17 17 1
16 17 1
15 17 1
17 16 1
16 16 1
15 16 1
14 16 1
15 18 1
14 17 1
14 18 1
19 28 1
19 27 1
18 27 1
19 26 1
19 25 1
18 25 1
18 26 1
17 26 1
17 25 1
18 28 1
17 27 1
17 28 1
19 24 1
18 24 1
19 23 1
19 22 1
18 22 1
18 23 1
17 23 1
17 24 1
19 19 1
19 20 1
19 21 1
18 19 1
18 21 1
18 20 1
20 18 1
20 17 1
19 17 1
20 16 1
19 16 1
18 16 1
20 19 1
19 18 1
18 17 1
18 18 1
8 28 9
8 27 9
7 25 9
8 25 9
8 26 9
9 26 9
9 25 9
10 25 9
9 27 9
10 26 9
10 27 9
9 28 9
10 28 9
7 24 9
8 24 9
7 23 9
7 22 9
8 22 9
8 23 9
9 23 9
9 22 9
10 22 9
9 24 9
10 23 9
10 24 9
7 21 9
7 20 9
8 20 9
7 19 9
8 19 9
9 19 9
10 19 9
8 21 9
9 20 9
10 20 9
9 21 9
10 21 9
7 18 9
6 17 9
8 17 9
6 16 9
7 16 9
8 16 9
7 17 9
8 18 9
9 17 9
9 16 9
9 18 9
10 18 9
11 28 9
11 27 9
12 27 9
11 26 9
11 25 9
12 25 9
12 26 9
13 25 9
12 28 9
13 26 9
13 27 9
13 28 9
11 24 9
12 24 9
11 23 9
11 22 9
12 23 9
12 22 9
13 22 9
13 24 9
13 23 9
11 19 9
11 20 9
11 21 9
12 19 9
13 19 9
12 20 9
13 20 9
12 21 9
13 21 9
10 17 9
11 17 9
10 16 9
11 16 9
12 16 9
11 18 9
12 17 9
13 16 9
13 17 9
12 18 9
13 18 9
14 28 9
14 27 9
15 27 9
14 26 9
14 25 9
15 25 9
15 26 9
16 26 9
16 25 9
15 28 9
16 27 9
16 28 9
14 24 9
15 24 9
14 23 9
14 22 9
15 22 9
15 23 9
16 23 9
16 22 9
17 22 9
16 24 9
14 21 9
14 20 9
15 20 9
14 19 9
15 19 9
16 19 9
17 19 9
15 21 9
16 20 9
17 20 9
16 21 9
17 21 9
14 18 9
14 17 9
15 17 9
14 16 9
15 16 9
16 16 9
15 18 9
16 17 9
17 16 9
17 17 9
16 18 9
17 18 9
17 28 9
17 27 9
18 27 9
17 26 9
17 25 9
18 25 9
18 26 9
19 26 9
19 25 9
18 28 9
19 27 9
19 28 9
17 24 9
18 24 9
17 23 9
18 22 9
18 23 9
19 23 9
19 22 9
19 24 9
18 21 9
18 20 9
19 20 9
18 19 9
19 19 9
20 19 9
19 21 9
18 18 9
18 17 9
19 17 9
18 16 9
19 16 9
20 16 9
19 18 9
20 17 9
20 18 9
20 29 2
20 29 3
20 29 4
20 29 5
20 29 6
20 29 7
19 29 2
19 29 3
19 29 4
19 29 5
19 29 6
19 29 7
7 29 2
7 29 3
7 29 4
7 29 5
7 29 6
7 29 7
8 29 2
9 29 2
8 29 3
8 29 4
9 29 4
9 29 3
10 29 4
10 29 2
10 29 3
9 29 5
9 29 6
10 29 6
8 29 5
8 29 6
10 29 5
9 29 7
8 29 7
10 29 7
11 29 2
12 29 2
12 29 4
13 29 4
13 29 3
12 29 5
12 29 6
13 29 6
13 29 5
11 29 7
15 29 2
14 29 4
15 29 4
16 29 2
16 29 3
15 29 5
14 29 5
14 29 6
16 29 7
17 29 2
18 29 2
17 29 3
17 29 4
18 29 4
18 29 3
18 29 5
18 29 6
17 29 5
17 29 6
18 29 7
17 29 7
20 28 2
20 27 2
20 27 4
20 26 4
20 25 4
20 25 2
20 27 5
20 27 6
20 26 5
20 26 6
20 25 6
20 25 5
20 24 2
20 24 4
20 23 3
20 23 2
20 24 5
20 23 6
20 24 7
20 23 7
21 22 7
21 21 2
21 20 2
21 20 3
21 19 3
21 19 4
21 19 2
21 20 6
21 19 6
21 21 6
21 20 7
21 21 7
21 19 7
21 18 2
21 17 2
21 18 3
21 18 4
21 17 4
21 17 3
21 16 3
21 16 4
21 16 2
21 18 5
21 17 5
21 18 6
21 17 6
21 16 5
21 16 6
21 18 7
21 17 7
21 16 7
6 25 2
6 27 2
6 25 4
6 26 4
6 27 4
6 28 3
6 28 2
6 25 5
6 26 5
6 27 5
6 25 6
6 26 6
6 27 6
6 22 2
6 23 2
6 24 2
6 22 3
6 23 3
6 22 4
6 24 4
6 24 5
6 22 5
6 22 6
6 23 6
6 24 7
6 22 7
6 23 7
5 19 2
6 20 2
5 19 3
5 19 4
6 20 4
6 20 3
6 21 3
6 21 4
6 21 2
6 20 5
6 20 6
6 21 5
6 21 6
5 19 7
6 20 7
6 21 7
5 16 2
5 17 2
5 16 3
5 16 4
5 17 4
5 17 3
5 18 3
5 18 4
5 18 2
5 16 5
5 17 5
5 16 6
5 16 7
5 18 7
21 6 2
21 0 2
18 0 2
19 0 2
20 0 2
21 5 2
21 4 2
21 10 8
21 11 8
21 9 2
21 10 2
21 8 8
21 9 8
21 11 2
21 12 2
21 7 7
21 6 7
21 8 2
21 5 7
21 4 7
21 0 7
21 2 7
21 2 9
21 0 9
21 2 2
21 3 2
21 3 7
21 1 2
21 1 9
21 7 2
20 4 2
20 6 2
20 5 2
21 1 7
19 0 7
18 0 7
19 0 8
18 0 8
19 5 7
19 4 7
18 4 7
19 7 7
19 6 7
18 5 7
18 6 7
18 7 7
19 3 7
19 2 7
18 2 7
18 3 7
19 10 8
19 11 8
18 11 8
18 10 8
19 8 8
19 9 8
18 9 8
18 8 8
19 2 9
18 2 9
19 0 9
18 0 9
19 1 9
18 1 9
20 12 2
20 8 2
19 6 2
20 1 2
20 0 7
21 0 8
20 0 8
20 5 7
20 6 7
20 7 7
20 4 7
20 3 7
20 2 7
20 11 8
20 10 8
20 9 8
20 8 8
20 2 9
20 0 9
20 1 9
19 5 2
18 5 2
18 6 2
19 7 2
20 7 2
18 7 2
21 0 6
21 7 6
21 10 7
21 11 7
21 12 7
21 9 7
21 8 6
21 6 6
21 5 6
21 4 6
21 2 6
21 3 6
21 1 6
18 7 6
19 7 6
20 7 6
21 2 8
21 1 8
19 2 8
18 2 8
20 2 8
21 0 4
21 0 5
21 7 5
21 6 5
21 6 4
21 10 5
21 11 5
21 10 4
21 12 5
21 11 6
21 12 6
21 10 6
21 8 5
21 9 5
21 9 6
21 9 4
21 8 4
21 7 4
21 4 5
21 5 5
21 5 4
21 4 4
21 2 4
21 3 5
21 2 5
21 3 4
21 1 4
21 1 5
21 12 3
21 11 3
21 10 3
21 9 3
21 6 3
20 7 5
19 7 5
19 7 4
20 7 4
18 7 5
18 7 4
21 0 3
21 11 4
21 12 4
21 8 3
21 4 3
21 5 3
21 2 3
21 3 3
21 1 3
21 7 3
20 7 3
19 7 3
18 7 3
21 13 4
21 13 5
19 1 7
18 1 7
20 1 7
21 12 8
20 12 8
19 12 8
18 12 8
19 8 2
18 8 2
21 8 7
15 6 2
15 0 2
17 0 2
16 0 2
15 5 2
15 4 2
15 6 7
15 5 7
15 4 7
15 0 7
15 2 7
15 2 9
15 0 9
15 2 2
15 3 2
15 3 7
15 1 2
15 1 9
15 7 2
16 4 2
16 6 2
16 5 2
17 0 7
17 0 8
17 5 7
17 7 7
17 6 7
17 4 7
17 3 7
17 2 7
17 10 8
17 11 8
17 8 8
17 9 8
17 2 9
17 0 9
17 1 9
16 12 2
16 8 2
17 6 2
16 1 2
16 0 7
15 0 8
16 0 8
16 4 7
16 5 7
16 6 7
16 7 7
16 3 7
16 2 7
16 10 8
16 11 8
16 8 8
16 9 8
16 2 9
16 0 9
16 1 9
17 5 2
17 7 2
16 7 2
15 0 6
15 5 6
15 4 6
15 2 6
15 3 6
15 1 6
15 1 7
17 7 6
16 7 6
15 2 8
15 1 8
17 2 8
16 2 8
15 0 4
15 0 5
15 4 5
15 5 5
15 5 4
15 4 4
15 2 4
15 2 5
15 3 5
15 3 4
15 1 4
15 1 5
15 6 3
16 7 5
16 7 4
17 7 4
17 7 5
15 0 3
15 4 3
15 5 3
15 2 3
15 3 3
15 1 3
16 7 3
17 7 3
17 1 7
16 1 7
16 12 8
17 12 8
17 8 2
20 9 2
16 12 7
16 8 7
17 8 7
18 8 7
19 8 7
20 8 7
20 9 7
20 12 7
16 9 7
20 10 7
19 12 7
17 12 7
18 12 7
17 9 7
18 9 7
19 9 7
19 11 7
17 11 7
18 11 7
16 11 7
16 10 7
20 11 7
19 10 7
17 10 7
18 10 7
16 11 6
16 11 5
16 12 5
16 12 6
16 12 4
16 12 3
16 8 6
16 9 6
16 8 5
16 9 5
16 8 4
16 8 3
17 8 6
17 8 5
17 8 4
17 8 3
18 8 6
18 8 5
18 8 4
18 8 3
19 8 6
19 8 5
19 8 4
19 8 3
20 8 6
20 8 5
20 8 4
20 8 3
20 9 6
20 9 5
20 9 4
20 9 3
20 12 6
20 11 6
20 12 5
20 11 5
20 12 4
20 12 3
19 13 5
18 13 5
17 13 5
5 6 2
5 0 2
8 0 2
7 0 2
5 5 2
5 4 2
5 10 8
5 11 8
5 9 2
5 10 2
5 8 8
5 9 8
5 11 2
5 12 2
5 7 7
5 6 7
5 8 2
5 5 7
5 4 7
5 0 7
5 2 7
5 2 9
5 0 9
6 0 7
5 2 2
5 3 2
5 3 7
5 1 2
5 1 9
6 0 2
6 2 2
6 3 2
6 4 2
6 7 2
6 5 2
6 6 2
7 5 2
6 2 7
6 3 7
6 4 7
6 5 7
6 7 7
6 6 7
5 1 7
7 0 7
8 0 7
7 0 8
8 0 8
8 5 7
8 4 7
7 7 7
7 6 7
8 7 7
8 6 7
7 5 7
7 4 7
8 3 7
8 2 7
7 3 7
7 2 7
7 10 8
8 10 8
8 11 8
7 11 8
7 8 8
8 8 8
8 9 8
7 9 8
7 2 9
8 2 9
7 0 9
8 0 9
8 1 9
7 1 9
6 11 2
6 10 2
6 9 2
6 12 2
6 8 2
7 8 2
7 6 2
6 1 2
6 0 8
6 10 8
6 11 8
6 8 8
6 9 8
6 2 9
6 0 9
6 1 9
8 6 2
8 5 2
7 7 2
8 7 2
5 0 6
5 7 6
5 11 7
5 12 7
5 10 7
5 9 7
5 8 6
5 6 6
5 5 6
5 4 6
5 2 6
5 3 6
5 1 6
6 0 6
6 4 6
6 3 6
6 2 6
6 5 6
6 6 6
6 7 6
7 7 6
8 7 6
5 2 8
5 0 8
5 1 8
7 2 8
8 2 8
6 2 8
5 0 4
5 0 5
5 7 5
5 6 4
5 6 5
5 10 5
5 11 6
5 11 5
5 12 6
5 12 5
5 10 4
5 10 6
5 8 5
5 9 5
5 9 6
5 9 4
5 8 4
5 7 4
5 4 5
5 5 5
5 5 4
5 4 4
5 2 4
5 2 5
5 3 5
5 3 4
5 1 4
5 1 5
5 10 3
5 11 3
5 12 3
5 9 3
5 6 3
6 0 5
6 0 4
6 7 5
6 7 4
7 7 4
7 7 5
6 3 5
6 2 5
6 2 4
6 4 5
6 3 4
6 4 4
6 5 5
6 6 5
6 5 4
6 6 4
8 7 5
8 7 4
5 0 3
5 11 4
5 12 4
5 8 3
5 4 3
5 5 3
5 2 3
5 3 3
5 1 3
6 0 3
6 2 3
6 3 3
6 4 3
6 7 3
6 5 3
6 6 3
7 7 3
8 7 3
5 13 4
5 13 5
6 1 7
7 1 7
8 1 7
6 1 6
6 1 4
6 1 5
6 1 3
5 12 8
6 12 8
7 12 8
8 12 8
5 7 2
8 8 2
5 8 7
5 7 3
12 6 2
12 0 2
9 0 2
10 0 2
12 5 2
12 4 2
12 6 7
12 5 7
12 4 7
12 0 7
12 2 7
12 2 9
12 0 9
11 0 7
12 2 2
12 3 2
12 3 7
12 1 2
12 1 9
11 0 2
11 2 2
11 3 2
11 4 2
11 7 2
11 5 2
10 4 2
11 6 2
10 6 2
10 5 2
11 2 7
11 3 7
11 4 7
11 5 7
11 7 7
11 6 7
12 1 7
10 0 7
9 0 7
10 0 8
9 0 8
10 5 7
10 4 7
9 4 7
9 5 7
10 7 7
10 6 7
9 6 7
9 7 7
10 3 7
9 3 7
10 2 7
9 2 7
10 10 8
10 11 8
9 11 8
9 10 8
10 8 8
10 9 8
9 9 8
9 8 8
10 2 9
9 2 9
10 0 9
9 0 9
10 1 9
9 1 9
11 11 2
11 10 2
11 9 2
11 12 2
11 8 2
10 8 2
11 1 2
10 1 2
11 0 8
11 10 8
11 11 8
11 8 8
11 9 8
11 2 9
11 0 9
11 1 9
9 5 2
9 6 2
10 7 2
9 7 2
12 0 6
12 6 6
12 5 6
12 4 6
12 2 6
12 3 6
12 1 6
11 0 6
11 4 6
11 3 6
11 2 6
11 5 6
11 6 6
11 7 6
9 7 6
10 7 6
12 2 8
12 0 8
12 1 8
10 2 8
9 2 8
11 2 8
12 0 4
12 0 5
12 4 5
12 5 5
12 5 4
12 4 4
12 2 4
12 3 5
12 2 5
12 3 4
12 1 4
12 1 5
12 6 3
11 0 5
11 0 4
10 7 5
10 7 4
11 7 5
11 7 4
11 4 5
11 3 5
11 4 4
11 3 4
11 2 4
11 2 5
11 5 5
11 5 4
11 6 5
11 6 4
9 7 5
9 7 4
12 0 3
12 4 3
12 5 3
12 2 3
12 3 3
12 1 3
11 0 3
11 2 3
11 3 3
11 4 3
11 7 3
11 5 3
11 6 3
10 7 3
9 7 3
11 1 7
10 1 7
9 1 7
11 1 6
11 1 4
11 1 5
11 1 3
10 12 8
11 12 8
9 12 8
12 7 2
10 8 7
9 8 7
8 8 7
9 8 2
9 13 4
11 12 7
11 11 7
11 10 7
11 9 7
7 8 7
6 9 7
6 10 7
6 11 7
6 12 7
10 12 7
7 12 7
9 12 7
8 12 7
9 9 7
8 9 7
7 9 7
7 11 7
10 11 7
8 11 7
9 11 7
10 10 7
7 10 7
9 10 7
8 10 7
10 9 7
11 11 6
11 12 6
11 12 5
11 11 5
11 12 4
11 11 4
11 12 3
11 11 3
11 10 6
11 9 6
11 10 5
11 9 5
11 10 4
11 9 4
11 10 3
11 9 3
10 9 6
10 8 6
10 9 5
10 8 5
10 8 4
10 8 3
9 8 6
9 8 5
9 8 4
9 8 3
8 8 6
8 8 5
8 8 4
8 8 3
7 8 6
7 8 5
7 8 4
7 8 3
6 9 6
6 9 5
6 9 4
6 9 3
6 10 6
6 11 6
6 10 5
6 11 5
6 10 4
6 11 4
6 10 3
6 11 3
6 12 6
6 12 5
6 12 4
6 12 3
7 12 6
7 12 5
7 13 5
7 12 4
7 12 3
7 12 2
8 13 5
9 13 5
10 13 5
10 12 6
10 12 5
