2835 27 11 42
12 0 37
12 0 38
13 0 38
12 1 38
13 1 38
14 1 38
13 0 37
14 0 38
14 0 37
14 0 36
13 0 36
12 0 36
12 2 39
13 2 39
14 2 39
14 9 38
14 8 39
13 8 39
12 8 39
13 9 38
12 9 38
14 10 37
13 10 37
12 10 37
12 10 36
13 10 36
14 10 36
17 3 38
16 3 38
16 3 39
16 2 38
15 2 39
16 4 39
15 2 38
11 2 38
11 2 39
10 3 38
10 4 39
9 5 38
10 5 39
9 4 38
10 3 39
10 7 38
10 6 39
9 6 38
11 8 38
11 8 39
10 7 39
11 7 39
15 8 38
15 8 39
16 8 38
15 7 39
16 7 38
16 7 39
17 7 38
16 6 39
17 6 38
17 6 39
17 5 38
17 5 39
16 5 39
17 4 38
17 4 39
17 2 38
16 1 38
15 1 38
10 1 38
10 2 38
11 1 38
9 3 38
8 5 38
9 7 38
10 8 38
11 9 38
15 9 38
18 6 38
18 5 38
18 4 38
18 3 37
17 2 37
16 1 37
18 3 38
15 1 37
10 1 37
11 1 37
8 3 37
9 2 38
9 2 37
8 5 37
8 4 38
8 4 37
8 7 37
8 6 38
8 6 37
10 9 37
10 9 38
9 8 38
9 8 37
11 9 37
15 9 37
16 9 37
16 9 38
17 8 37
17 8 38
18 7 37
18 7 38
18 6 37
18 5 37
18 4 37
8 7 36
9 8 36
10 9 36
10 1 36
9 2 36
8 3 36
8 5 36
8 6 36
8 4 36
11 9 36
11 0 37
11 0 36
15 9 36
16 9 36
15 0 37
16 1 36
15 0 36
17 8 36
18 7 36
18 3 36
17 2 36
18 5 36
18 4 36
18 6 36
15 4 39
15 3 39
14 3 39
13 3 39
12 3 39
11 4 39
11 5 39
11 6 39
12 7 39
12 6 39
13 7 39
14 7 39
15 6 39
15 5 39
12 4 39
13 4 39
14 4 39
12 5 39
13 5 39
14 5 39
13 6 39
14 6 39
15 3 40
14 3 40
15 3 41
14 3 41
12 7 40
13 7 40
12 7 41
13 7 41
11 4 40
11 5 40
11 4 41
11 5 41
11 6 40
11 6 41
14 7 40
15 7 40
14 7 41
15 7 41
15 4 40
15 4 41
12 3 40
12 3 41
13 3 40
13 3 41
15 6 40
15 6 41
15 5 40
15 5 41
16 4 41
16 6 41
14 2 41
13 2 41
16 5 41
16 6 40
16 5 40
16 4 40
14 2 40
13 2 40
11 3 39
12 0 31
13 0 31
14 0 31
14 1 31
13 1 31
12 1 31
13 0 32
12 0 32
14 0 32
12 1 30
13 1 30
13 2 30
14 1 30
14 2 30
12 2 30
14 9 30
13 9 30
13 8 30
12 9 30
12 8 30
14 8 30
14 9 31
13 9 31
12 9 31
14 10 31
13 10 31
12 10 31
13 10 32
14 10 32
12 10 32
17 3 30
16 3 30
16 4 30
15 2 30
16 2 30
11 2 30
10 3 30
10 4 30
9 5 30
9 4 30
10 5 30
10 7 30
9 6 30
10 6 30
11 8 30
11 7 30
15 8 30
15 7 30
16 8 30
16 7 30
16 6 30
17 7 30
17 6 30
16 5 30
17 5 30
17 4 30
17 3 31
17 2 31
16 2 31
16 1 31
15 1 31
10 1 31
11 1 31
10 2 31
9 3 31
8 5 31
9 4 31
9 5 31
9 7 31
9 6 31
10 8 31
11 9 31
15 9 31
16 8 31
17 7 31
17 6 31
18 6 31
18 5 31
17 4 31
18 4 31
18 3 31
8 3 31
9 2 31
8 4 31
8 7 31
8 6 31
10 9 31
9 8 31
16 9 31
17 8 31
18 7 31
9 8 32
10 9 32
8 7 32
9 2 32
8 3 32
10 1 32
8 6 32
8 5 32
8 4 32
11 9 32
11 0 32
16 9 32
15 9 32
15 0 32
16 1 32
18 7 32
17 8 32
17 2 32
18 3 32
18 4 32
18 5 32
18 6 32
11 5 28
11 5 29
11 6 28
11 6 29
11 6 30
11 5 30
16 6 28
16 5 28
16 5 29
16 6 29
16 4 28
16 4 29
12 7 28
12 7 29
12 7 30
15 3 28
15 3 29
15 3 30
13 7 28
13 7 29
13 7 30
14 3 28
14 3 29
14 2 28
14 2 29
14 3 30
14 7 28
14 7 29
14 7 30
13 2 28
13 2 29
15 7 28
15 7 29
12 3 28
11 3 28
11 3 29
11 4 28
11 4 29
11 4 30
12 3 29
11 3 30
12 3 30
15 6 28
15 6 29
15 6 30
13 0 35
14 0 35
14 0 34
12 0 35
13 0 34
12 0 34
13 10 35
12 10 35
12 10 34
14 10 35
13 10 34
14 10 34
8 6 35
8 5 35
8 5 34
8 7 35
8 6 34
8 7 34
8 4 35
8 3 35
8 3 34
8 4 34
9 8 35
10 9 35
9 8 34
10 9 34
9 2 35
10 1 35
10 1 34
9 2 34
11 9 35
11 9 34
11 0 35
11 0 34
15 9 35
16 9 35
15 9 34
16 9 34
15 0 35
16 1 35
16 1 34
15 0 34
17 8 35
18 7 35
17 8 34
18 7 34
17 2 35
18 3 35
18 3 34
17 2 34
18 4 35
18 5 35
18 5 34
18 4 34
18 6 35
18 6 34
12 0 33
13 0 33
14 0 33
14 10 33
13 10 33
12 10 33
8 7 33
8 6 33
8 5 33
8 4 33
8 3 33
10 9 33
9 8 33
9 2 33
10 1 33
11 9 33
11 0 33
16 9 33
15 9 33
15 0 33
16 1 33
18 7 33
17 8 33
17 2 33
18 3 33
18 4 33
18 5 33
18 6 33
12 4 8
12 4 7
12 5 8
12 5 7
12 3 8
12 4 9
12 3 9
12 5 9
12 6 9
12 6 8
12 4 11
12 4 10
12 3 11
12 3 10
12 5 11
12 5 10
12 6 11
12 6 10
12 4 14
12 3 13
12 4 13
12 5 14
12 5 13
12 6 13
5 3 13
5 4 14
5 5 14
5 6 13
12 2 13
12 1 13
5 1 13
5 1 15
5 1 14
12 1 15
13 1 15
13 1 13
13 2 13
13 5 6
12 5 6
12 4 6
13 4 6
12 8 13
12 7 13
13 8 13
12 1 14
13 1 14
13 8 14
12 8 14
13 8 15
12 8 15
13 6 7
12 6 7
12 3 7
13 3 7
13 7 7
12 7 7
12 2 8
13 2 8
13 7 8
12 7 8
5 8 14
5 8 15
5 8 13
12 1 11
12 1 10
13 1 11
13 1 10
13 1 9
12 1 9
13 8 11
12 8 11
12 8 10
12 8 9
13 8 10
13 8 9
12 2 11
12 2 10
12 2 9
12 8 8
13 8 8
13 6 15
13 5 15
12 5 15
12 6 15
5 6 15
5 5 15
5 6 14
13 4 15
12 4 15
5 4 15
13 3 15
12 3 15
5 3 15
5 3 14
5 7 13
5 7 14
12 7 15
13 7 15
5 7 15
12 7 9
12 7 10
12 7 11
5 2 13
5 2 14
5 2 15
12 2 15
13 2 15
15 4 8
15 4 7
15 5 8
15 5 7
15 3 8
15 4 9
15 3 9
15 5 9
15 6 9
15 6 8
15 4 11
15 4 10
15 3 10
15 3 11
15 5 11
15 5 10
15 6 11
15 6 10
15 4 14
15 4 13
15 3 13
15 5 14
15 5 13
15 6 13
21 3 13
21 4 14
21 5 14
21 6 13
15 2 13
15 1 13
21 1 13
21 1 15
21 1 14
15 1 15
14 1 15
14 2 13
14 1 13
14 5 6
14 4 6
15 4 6
15 5 6
15 8 13
15 7 13
14 8 13
15 1 14
14 1 14
15 8 14
14 8 14
15 8 15
14 8 15
13 6 6
14 6 6
14 6 7
15 6 6
15 6 7
15 3 7
14 3 7
14 7 7
15 7 7
15 2 8
14 2 8
14 7 8
15 7 8
21 8 14
21 8 15
21 8 13
15 1 11
15 1 10
14 1 10
15 1 9
14 1 9
14 1 11
14 8 10
14 8 9
15 8 9
14 8 11
15 8 10
15 8 11
15 2 11
15 2 10
15 2 9
14 2 9
13 2 9
14 8 8
15 8 8
14 6 15
15 6 15
15 5 15
14 5 15
21 6 15
21 5 15
21 6 14
15 4 15
14 4 15
21 4 15
15 3 15
14 3 15
21 3 15
21 3 14
21 7 13
21 7 14
14 7 15
15 7 15
21 7 15
15 7 9
15 7 11
15 7 10
21 2 13
21 2 14
21 2 15
15 2 15
14 2 15
6 3 13
6 4 14
7 3 13
7 4 13
8 3 13
8 4 13
8 4 14
6 4 13
7 4 14
9 3 13
9 4 14
10 3 13
10 4 14
11 3 13
11 4 13
10 4 13
11 4 14
6 5 14
7 5 14
8 5 14
9 5 14
10 5 14
11 5 14
6 6 13
7 6 13
8 6 13
9 6 13
10 6 13
11 6 13
6 1 13
7 1 13
8 1 13
9 1 13
9 2 13
10 2 13
11 2 13
10 1 13
11 1 13
6 1 15
7 1 15
8 1 15
9 1 15
10 1 15
11 1 15
6 8 13
7 8 13
8 8 13
9 8 13
10 8 13
11 8 13
8 2 13
6 1 14
7 1 14
8 1 14
9 1 14
10 1 14
11 1 14
6 8 14
7 8 14
8 8 14
9 8 14
10 8 14
11 8 14
6 8 15
8 8 15
7 8 15
9 8 15
10 8 15
11 8 15
6 6 15
6 5 15
7 6 15
8 6 15
8 5 15
7 5 15
9 6 15
9 5 15
10 6 15
10 5 15
11 6 15
11 5 15
6 4 15
8 4 15
7 4 15
9 4 15
10 4 15
11 4 15
6 3 15
8 3 15
7 3 15
9 3 15
10 3 15
11 3 15
6 7 13
7 7 13
8 7 13
9 7 13
10 7 13
11 7 13
6 7 15
7 7 15
8 7 15
9 7 15
10 7 15
11 7 15
6 2 13
7 2 13
6 2 15
7 2 15
8 2 15
9 2 15
10 2 15
11 2 15
16 3 13
16 4 14
17 3 13
17 4 14
18 3 13
18 4 13
19 3 13
19 4 13
19 4 14
17 4 13
18 4 14
20 3 13
20 4 14
16 5 14
17 5 14
18 5 14
19 5 14
20 5 14
16 6 13
17 6 13
18 6 13
19 6 13
20 6 13
16 2 13
17 1 13
17 2 13
18 1 13
19 1 13
18 2 13
20 1 13
16 1 13
16 1 15
17 1 15
18 1 15
19 1 15
20 1 15
16 8 13
17 8 13
18 8 13
19 8 13
20 8 13
19 2 13
16 1 14
17 1 14
18 1 14
19 1 14
20 1 14
16 8 14
17 8 14
18 8 14
19 8 14
20 8 14
16 8 15
17 8 15
19 8 15
18 8 15
20 8 15
16 6 15
16 5 15
17 6 15
17 5 15
18 6 15
19 6 15
19 5 15
18 5 15
20 6 15
20 5 15
16 4 15
17 4 15
19 4 15
18 4 15
20 4 15
16 3 15
17 3 15
19 3 15
18 3 15
20 3 15
16 7 13
17 7 13
18 7 13
19 7 13
20 7 13
16 7 15
17 7 15
18 7 15
19 7 15
20 7 15
20 2 13
16 2 15
17 2 15
18 2 15
19 2 15
20 2 15
12 2 12
12 7 12
12 6 12
12 3 12
12 4 12
12 5 12
12 8 12
13 8 12
13 2 12
15 2 12
15 7 12
15 6 12
15 3 12
15 4 12
15 5 12
15 8 12
14 8 12
14 2 12
14 2 11
13 2 11
1 7 15
1 8 14
0 7 14
0 7 15
1 6 15
2 6 15
0 8 14
2 9 17
3 9 17
1 10 15
1 10 16
0 10 16
1 9 16
1 9 17
0 10 15
0 9 16
2 8 17
1 8 16
0 9 15
1 8 17
0 8 15
1 7 16
1 9 14
0 9 14
1 7 14
1 8 15
1 9 15
2 8 16
2 7 15
3 7 14
4 8 14
3 8 14
4 7 14
3 6 15
3 8 13
4 8 13
3 9 16
4 9 17
4 10 15
4 9 16
4 10 14
4 9 15
4 8 16
4 8 15
4 9 14
4 7 15
3 7 15
3 10 14
3 9 14
4 9 13
3 8 15
3 8 16
2 7 16
4 7 16
3 8 17
25 7 15
26 8 14
26 7 15
26 7 14
25 6 15
24 6 15
24 9 17
25 9 17
25 10 15
26 10 15
25 10 16
26 10 16
25 9 16
26 9 16
25 8 17
26 8 16
26 9 15
26 8 15
25 8 16
25 7 16
26 9 14
25 8 15
24 7 15
24 8 16
23 7 14
23 8 14
22 7 14
23 6 15
23 8 13
22 8 13
23 9 16
23 9 17
23 10 15
22 10 15
22 9 16
22 8 14
23 10 14
22 10 14
22 9 15
23 8 16
22 8 15
22 9 14
23 8 15
22 7 15
23 7 15
23 9 14
22 9 13
23 9 15
24 8 15
24 7 16
24 8 17
23 7 16
3 6 16
3 6 17
3 5 17
4 5 17
4 6 17
4 6 18
3 7 17
4 7 17
4 7 18
3 7 18
3 7 19
2 7 17
2 7 18
2 6 19
2 6 18
2 6 16
2 6 17
2 5 18
23 5 17
24 6 17
23 6 17
24 6 16
23 6 16
22 6 17
22 6 18
23 7 18
23 6 18
23 7 17
23 7 19
23 8 17
24 7 18
24 6 19
24 7 17
24 6 18
25 7 17
24 5 18
23 6 20
23 6 21
22 6 20
22 7 19
24 6 20
24 6 21
24 7 19
25 5 20
24 5 21
25 6 19
21 5 20
22 7 18
22 6 19
25 4 20
24 4 21
25 5 19
21 4 20
22 5 18
21 5 19
24 3 20
24 3 21
25 5 18
24 4 19
25 4 19
24 4 20
22 3 20
22 4 19
22 4 17
22 4 18
23 3 20
23 2 21
23 4 19
23 4 18
23 3 19
23 4 17
24 4 18
19 3 24
20 3 24
20 4 23
19 4 23
20 5 23
19 5 23
20 6 24
19 6 24
19 2 26
20 2 26
20 3 25
19 2 25
20 7 25
20 7 26
19 7 25
19 7 26
19 3 27
20 3 27
20 7 27
20 7 28
19 7 27
19 5 28
20 5 28
20 4 28
21 4 28
19 4 28
20 3 28
20 6 28
19 6 28
18 5 24
18 6 24
18 4 24
18 6 25
18 5 25
18 3 25
18 7 26
18 5 26
18 4 25
18 4 26
18 3 26
18 6 26
18 6 27
18 5 27
18 4 27
18 3 27
21 3 24
21 4 23
21 6 24
21 2 26
21 2 25
21 3 25
21 7 25
21 7 26
21 3 27
22 3 27
22 3 26
20 3 26
22 6 27
21 6 27
21 5 28
22 5 28
22 4 27
21 6 28
21 2 24
21 5 23
21 6 23
22 2 25
22 6 24
22 3 25
22 6 25
23 6 25
22 6 26
23 5 27
22 5 27
23 5 26
23 4 26
23 4 27
21 2 23
21 3 23
21 2 22
21 3 22
21 4 22
21 5 22
21 6 22
22 2 24
22 2 23
22 6 23
22 3 24
23 3 23
23 3 25
23 3 24
23 5 23
23 5 25
23 4 25
24 5 24
24 4 24
23 3 26
23 6 24
22 3 21
21 3 21
21 4 21
21 5 21
22 5 20
22 6 21
23 2 22
22 2 22
22 2 21
22 3 22
22 6 22
23 6 22
24 3 22
23 3 22
23 3 21
23 6 23
24 6 22
24 5 22
24 4 22
24 5 23
24 4 23
24 3 23
22 5 17
22 6 16
22 7 16
22 7 17
22 8 17
24 5 17
24 5 16
23 8 18
25 5 17
25 6 17
25 6 16
24 8 18
25 7 18
25 6 18
4 6 20
5 6 20
4 6 21
4 7 19
2 6 20
3 6 20
3 6 21
2 7 19
2 5 20
2 5 21
1 6 19
5 5 20
5 6 18
5 6 19
4 6 19
2 4 20
2 4 21
2 5 19
5 4 20
5 5 18
5 5 19
2 3 20
2 3 21
2 4 19
4 3 20
4 4 19
5 3 20
4 4 17
4 4 18
4 5 18
3 3 20
3 2 21
3 4 18
3 3 19
2 4 18
3 4 19
7 3 24
7 4 23
6 4 23
6 3 24
7 5 23
6 5 23
7 6 24
6 6 24
7 2 26
7 2 25
7 3 25
6 3 25
6 2 26
7 7 25
7 7 26
6 7 26
6 7 25
7 3 27
6 3 27
7 7 27
6 7 28
6 7 27
7 5 28
7 4 28
6 4 28
6 5 28
7 6 28
6 6 28
8 5 24
8 4 24
8 3 25
8 6 24
8 5 25
8 6 25
8 4 25
8 3 26
8 5 26
8 7 26
8 4 26
8 6 26
8 4 27
8 3 27
8 5 27
8 6 27
5 3 25
5 2 25
5 7 25
6 3 26
5 3 27
5 3 26
5 7 26
5 6 27
5 5 28
5 4 28
4 4 27
4 5 28
4 3 27
5 6 28
4 6 27
5 2 24
5 6 23
4 2 25
5 6 25
5 6 24
4 6 24
4 3 26
4 3 25
4 6 25
4 6 26
4 5 27
3 4 26
3 5 26
5 3 23
5 4 22
5 2 23
5 3 22
5 2 22
5 5 22
5 6 22
4 2 24
4 2 23
4 6 23
4 3 24
4 3 23
3 3 24
3 3 23
3 5 23
3 4 25
3 4 24
3 5 25
3 5 24
3 3 25
3 6 24
5 3 21
5 4 21
5 5 21
5 6 21
4 2 22
4 3 22
4 3 21
4 2 21
4 6 22
3 3 22
3 3 21
3 6 22
2 4 22
2 4 23
3 4 23
2 5 22
2 5 23
3 5 22
5 6 17
4 6 16
5 7 17
4 8 17
2 5 17
2 5 16
3 8 18
4 8 18
1 6 17
2 8 18
1 6 18
1 7 17
1 7 18
19 1 29
20 1 29
7 1 29
5 9 15
21 9 15
20 9 29
20 8 29
19 9 29
19 8 29
7 9 29
7 8 29
9 1 29
10 1 29
8 1 29
12 1 29
13 1 29
11 1 29
15 1 29
16 1 29
14 1 29
18 1 29
17 1 29
8 9 15
9 9 15
7 9 15
6 9 15
12 9 15
13 9 15
11 9 15
10 9 15
16 9 15
17 9 15
15 9 15
14 9 15
20 9 15
19 9 15
18 9 15
9 9 29
10 9 29
10 8 29
9 8 29
8 9 29
8 8 29
12 9 29
13 9 29
13 8 29
12 8 29
11 9 29
11 8 29
15 9 29
16 9 29
16 8 29
15 8 29
14 9 29
14 8 29
18 9 29
18 8 29
17 9 29
17 8 29
20 1 28
20 1 27
20 1 26
20 1 25
20 1 23
20 1 22
20 1 24
21 1 20
21 1 19
21 1 21
20 1 20
20 1 21
21 1 18
21 1 17
21 1 16
7 1 28
7 1 27
7 1 26
6 1 25
6 1 26
6 1 27
6 1 24
6 1 23
6 1 22
6 1 20
6 1 19
5 1 19
6 1 21
6 1 18
5 1 17
5 1 16
5 1 18
21 1 22
6 1 28
20 9 28
20 9 27
20 8 27
20 9 26
20 9 25
20 8 25
20 8 26
20 8 28
20 9 23
20 9 22
21 8 22
20 8 23
20 9 24
20 8 24
21 9 20
21 9 19
21 8 19
21 8 20
21 9 21
21 9 22
21 8 21
21 9 18
21 9 17
21 8 17
21 9 16
21 8 16
21 8 18
6 8 28
6 8 27
6 8 26
6 8 25
6 9 26
6 9 25
6 9 27
7 9 28
6 8 24
6 8 23
6 8 22
6 9 23
6 9 22
6 9 24
6 8 20
5 8 19
5 9 19
6 8 21
6 9 20
6 9 21
5 8 18
5 8 17
5 8 16
5 9 16
5 9 17
5 9 18
20 9 20
20 9 21
7 9 27
7 9 26
6 9 19
6 9 18
10 1 28
9 1 28
10 1 27
9 1 27
8 1 27
10 1 26
9 1 26
10 1 25
9 1 25
8 1 25
8 1 26
7 1 25
8 1 28
10 1 24
9 1 24
8 1 24
10 1 23
9 1 23
10 1 22
9 1 22
8 1 22
8 1 23
7 1 23
7 1 22
7 1 24
10 1 21
9 1 21
10 1 20
9 1 20
8 1 20
10 1 19
9 1 19
8 1 19
7 1 19
8 1 21
7 1 20
7 1 21
10 1 18
9 1 18
9 1 17
9 1 16
8 1 16
8 1 17
7 1 16
7 1 17
6 1 16
10 1 17
8 1 18
6 1 17
7 1 18
13 1 28
12 1 28
13 1 27
12 1 27
13 1 26
12 1 26
13 1 25
12 1 25
11 1 26
11 1 25
11 1 27
11 1 28
13 1 24
12 1 24
11 1 24
13 1 23
12 1 23
13 1 22
12 1 22
11 1 22
11 1 23
11 1 20
11 1 19
13 1 21
12 1 21
13 1 20
12 1 20
13 1 19
12 1 19
11 1 21
13 1 18
12 1 18
13 1 17
12 1 17
11 1 17
13 1 16
12 1 16
11 1 16
10 1 16
11 1 18
16 1 28
15 1 28
16 1 27
15 1 27
16 1 26
15 1 26
16 1 25
15 1 25
14 1 26
14 1 25
14 1 27
14 1 28
16 1 24
15 1 24
16 1 23
17 1 22
16 1 22
15 1 22
15 1 23
14 1 23
14 1 22
14 1 24
17 1 21
16 1 21
17 1 20
16 1 20
15 1 20
17 1 19
16 1 19
15 1 19
14 1 19
15 1 21
14 1 20
14 1 21
17 1 18
16 1 18
17 1 17
16 1 17
15 1 17
17 1 16
16 1 16
15 1 16
14 1 16
15 1 18
14 1 17
14 1 18
19 1 28
19 1 27
18 1 27
19 1 26
19 1 25
18 1 25
18 1 26
17 1 26
17 1 25
18 1 28
17 1 27
17 1 28
19 1 24
18 1 24
19 1 23
19 1 22
18 1 22
18 1 23
17 1 23
17 1 24
19 1 19
19 1 20
19 1 21
18 1 19
18 1 21
18 1 20
20 1 18
20 1 17
19 1 17
20 1 16
19 1 16
18 1 16
20 1 19
19 1 18
18 1 17
18 1 18
8 9 28
8 9 27
7 9 25
8 9 25
8 9 26
9 9 26
9 9 25
10 9 25
9 9 27
10 9 26
10 9 27
9 9 28
10 9 28
7 9 24
8 9 24
7 9 23
7 9 22
8 9 22
8 9 23
9 9 23
9 9 22
10 9 22
9 9 24
10 9 23
10 9 24
7 9 21
7 9 20
8 9 20
7 9 19
8 9 19
9 9 19
10 9 19
8 9 21
9 9 20
10 9 20
9 9 21
10 9 21
7 9 18
6 9 17
8 9 17
6 9 16
7 9 16
8 9 16
7 9 17
8 9 18
9 9 17
9 9 16
9 9 18
10 9 18
11 9 28
11 9 27
12 9 27
11 9 26
11 9 25
12 9 25
12 9 26
13 9 25
12 9 28
13 9 26
13 9 27
13 9 28
11 9 24
12 9 24
11 9 23
11 9 22
12 9 23
12 9 22
13 9 22
13 9 24
13 9 23
11 9 19
11 9 20
11 9 21
12 9 19
13 9 19
12 9 20
13 9 20
12 9 21
13 9 21
10 9 17
11 9 17
10 9 16
11 9 16
12 9 16
11 9 18
12 9 17
13 9 16
13 9 17
12 9 18
13 9 18
14 9 28
14 9 27
15 9 27
14 9 26
14 9 25
15 9 25
15 9 26
16 9 26
16 9 25
15 9 28
16 9 27
16 9 28
14 9 24
15 9 24
14 9 23
14 9 22
15 9 22
15 9 23
16 9 23
16 9 22
17 9 22
16 9 24
14 9 21
14 9 20
15 9 20
14 9 19
15 9 19
16 9 19
17 9 19
15 9 21
16 9 20
17 9 20
16 9 21
17 9 21
14 9 18
14 9 17
15 9 17
14 9 16
15 9 16
16 9 16
15 9 18
16 9 17
17 9 16
17 9 17
16 9 18
17 9 18
17 9 28
17 9 27
18 9 27
17 9 26
17 9 25
18 9 25
18 9 26
19 9 26
19 9 25
18 9 28
19 9 27
19 9 28
17 9 24
18 9 24
17 9 23
18 9 22
18 9 23
19 9 23
19 9 22
19 9 24
18 9 21
18 9 20
19 9 20
18 9 19
19 9 19
20 9 19
19 9 21
18 9 18
18 9 17
19 9 17
18 9 16
19 9 16
20 9 16
19 9 18
20 9 17
20 9 18
20 2 29
20 3 29
20 4 29
20 5 29
20 6 29
20 7 29
19 2 29
19 3 29
19 4 29
19 5 29
19 6 29
19 7 29
7 2 29
7 3 29
7 4 29
7 5 29
7 6 29
7 7 29
8 2 29
9 2 29
8 3 29
8 4 29
9 4 29
9 3 29
10 4 29
10 2 29
10 3 29
9 5 29
9 6 29
10 6 29
8 5 29
8 6 29
10 5 29
9 7 29
8 7 29
10 7 29
11 2 29
12 2 29
12 4 29
13 4 29
13 3 29
12 5 29
12 6 29
13 6 29
13 5 29
11 7 29
15 2 29
14 4 29
15 4 29
16 2 29
16 3 29
15 5 29
14 5 29
14 6 29
16 7 29
17 2 29
18 2 29
17 3 29
17 4 29
18 4 29
18 3 29
18 5 29
18 6 29
17 5 29
17 6 29
18 7 29
17 7 29
20 2 28
20 2 27
20 4 27
20 4 26
20 4 25
20 2 25
20 5 27
20 6 27
20 5 26
20 6 26
20 6 25
20 5 25
20 2 24
20 4 24
20 3 23
20 2 23
20 5 24
20 6 23
20 7 24
20 7 23
21 7 22
21 2 21
21 2 20
21 3 20
21 3 19
21 4 19
21 2 19
21 6 20
21 6 19
21 6 21
21 7 20
21 7 21
21 7 19
21 2 18
21 2 17
21 3 18
21 4 18
21 4 17
21 3 17
21 3 16
21 4 16
21 2 16
21 5 18
21 5 17
21 6 18
21 6 17
21 5 16
21 6 16
21 7 18
21 7 17
21 7 16
6 2 25
6 2 27
6 4 25
6 4 26
6 4 27
6 3 28
6 2 28
6 5 25
6 5 26
6 5 27
6 6 25
6 6 26
6 6 27
6 2 22
6 2 23
6 2 24
6 3 22
6 3 23
6 4 22
6 4 24
6 5 24
6 5 22
6 6 22
6 6 23
6 7 24
6 7 22
6 7 23
5 2 19
6 2 20
5 3 19
5 4 19
6 4 20
6 3 20
6 3 21
6 4 21
6 2 21
6 5 20
6 6 20
6 5 21
6 6 21
5 7 19
6 7 20
6 7 21
5 2 16
5 2 17
5 3 16
5 4 16
5 4 17
5 3 17
5 3 18
5 4 18
5 2 18
5 5 16
5 5 17
5 6 16
5 7 16
5 7 18
21 2 6
21 2 0
18 2 0
19 2 0
20 2 0
21 2 5
21 2 4
21 8 10
21 8 11
21 2 9
21 2 10
21 8 8
21 8 9
21 2 11
21 2 12
21 7 7
21 7 6
21 2 8
21 7 5
21 7 4
21 7 0
21 7 2
21 9 2
21 9 0
21 2 2
21 2 3
21 7 3
21 2 1
21 9 1
21 2 7
20 2 4
20 2 6
20 2 5
21 7 1
19 7 0
18 7 0
19 8 0
18 8 0
19 7 5
19 7 4
18 7 4
19 7 7
19 7 6
18 7 5
18 7 6
18 7 7
19 7 3
19 7 2
18 7 2
18 7 3
19 8 10
19 8 11
18 8 11
18 8 10
19 8 8
19 8 9
18 8 9
18 8 8
19 9 2
18 9 2
19 9 0
18 9 0
19 9 1
18 9 1
20 2 12
20 2 8
19 2 6
20 2 1
20 7 0
21 8 0
20 8 0
20 7 5
20 7 6
20 7 7
20 7 4
20 7 3
20 7 2
20 8 11
20 8 10
20 8 9
20 8 8
20 9 2
20 9 0
20 9 1
19 2 5
18 2 5
18 2 6
19 2 7
20 2 7
18 2 7
21 6 0
21 6 7
21 7 10
21 7 11
21 7 12
21 7 9
21 6 8
21 6 6
21 6 5
21 6 4
21 6 2
21 6 3
21 6 1
18 6 7
19 6 7
20 6 7
21 8 2
21 8 1
19 8 2
18 8 2
20 8 2
21 4 0
21 5 0
21 5 7
21 5 6
21 4 6
21 5 10
21 5 11
21 4 10
21 5 12
21 6 11
21 6 12
21 6 10
21 5 8
21 5 9
21 6 9
21 4 9
21 4 8
21 4 7
21 5 4
21 5 5
21 4 5
21 4 4
21 4 2
21 5 3
21 5 2
21 4 3
21 4 1
21 5 1
21 3 12
21 3 11
21 3 10
21 3 9
21 3 6
20 5 7
19 5 7
19 4 7
20 4 7
18 5 7
18 4 7
21 3 0
21 4 11
21 4 12
21 3 8
21 3 4
21 3 5
21 3 2
21 3 3
21 3 1
21 3 7
20 3 7
19 3 7
18 3 7
21 4 13
21 5 13
19 7 1
18 7 1
20 7 1
21 8 12
20 8 12
19 8 12
18 8 12
19 2 8
18 2 8
21 7 8
15 2 6
15 2 0
17 2 0
16 2 0
15 2 5
15 2 4
15 7 6
15 7 5
15 7 4
15 7 0
15 7 2
15 9 2
15 9 0
15 2 2
15 2 3
15 7 3
15 2 1
15 9 1
15 2 7
16 2 4
16 2 6
16 2 5
17 7 0
17 8 0
17 7 5
17 7 7
17 7 6
17 7 4
17 7 3
17 7 2
17 8 10
17 8 11
17 8 8
17 8 9
17 9 2
17 9 0
17 9 1
16 2 12
16 2 8
17 2 6
16 2 1
16 7 0
15 8 0
16 8 0
16 7 4
16 7 5
16 7 6
16 7 7
16 7 3
16 7 2
16 8 10
16 8 11
16 8 8
16 8 9
16 9 2
16 9 0
16 9 1
17 2 5
17 2 7
16 2 7
15 6 0
15 6 5
15 6 4
15 6 2
15 6 3
15 6 1
15 7 1
17 6 7
16 6 7
15 8 2
15 8 1
17 8 2
16 8 2
15 4 0
15 5 0
15 5 4
15 5 5
15 4 5
15 4 4
15 4 2
15 5 2
15 5 3
15 4 3
15 4 1
15 5 1
15 3 6
16 5 7
16 4 7
17 4 7
17 5 7
15 3 0
15 3 4
15 3 5
15 3 2
15 3 3
15 3 1
16 3 7
17 3 7
17 7 1
16 7 1
16 8 12
17 8 12
17 2 8
20 2 9
16 7 12
16 7 8
17 7 8
18 7 8
19 7 8
20 7 8
20 7 9
20 7 12
16 7 9
20 7 10
19 7 12
17 7 12
18 7 12
17 7 9
18 7 9
19 7 9
19 7 11
17 7 11
18 7 11
16 7 11
16 7 10
20 7 11
19 7 10
17 7 10
18 7 10
16 6 11
16 5 11
16 5 12
16 6 12
16 4 12
16 3 12
16 6 8
16 6 9
16 5 8
16 5 9
16 4 8
16 3 8
17 6 8
17 5 8
17 4 8
17 3 8
18 6 8
18 5 8
18 4 8
18 3 8
19 6 8
19 5 8
19 4 8
19 3 8
20 6 8
20 5 8
20 4 8
20 3 8
20 6 9
20 5 9
20 4 9
20 3 9
20 6 12
20 6 11
20 5 12
20 5 11
20 4 12
20 3 12
19 5 13
18 5 13
17 5 13
5 2 6
5 2 0
8 2 0
7 2 0
5 2 5
5 2 4
5 8 10
5 8 11
5 2 9
5 2 10
5 8 8
5 8 9
5 2 11
5 2 12
5 7 7
5 7 6
5 2 8
5 7 5
5 7 4
5 7 0
5 7 2
5 9 2
5 9 0
6 7 0
5 2 2
5 2 3
5 7 3
5 2 1
5 9 1
6 2 0
6 2 2
6 2 3
6 2 4
6 2 7
6 2 5
6 2 6
7 2 5
6 7 2
6 7 3
6 7 4
6 7 5
6 7 7
6 7 6
5 7 1
7 7 0
8 7 0
7 8 0
8 8 0
8 7 5
8 7 4
7 7 7
7 7 6
8 7 7
8 7 6
7 7 5
7 7 4
8 7 3
8 7 2
7 7 3
7 7 2
7 8 10
8 8 10
8 8 11
7 8 11
7 8 8
8 8 8
8 8 9
7 8 9
7 9 2
8 9 2
7 9 0
8 9 0
8 9 1
7 9 1
6 2 11
6 2 10
6 2 9
6 2 12
6 2 8
7 2 8
7 2 6
6 2 1
6 8 0
6 8 10
6 8 11
6 8 8
6 8 9
6 9 2
6 9 0
6 9 1
8 2 6
8 2 5
7 2 7
8 2 7
5 6 0
5 6 7
5 7 11
5 7 12
5 7 10
5 7 9
5 6 8
5 6 6
5 6 5
5 6 4
5 6 2
5 6 3
5 6 1
6 6 0
6 6 4
6 6 3
6 6 2
6 6 5
6 6 6
6 6 7
7 6 7
8 6 7
5 8 2
5 8 0
5 8 1
7 8 2
8 8 2
6 8 2
5 4 0
5 5 0
5 5 7
5 4 6
5 5 6
5 5 10
5 6 11
5 5 11
5 6 12
5 5 12
5 4 10
5 6 10
5 5 8
5 5 9
5 6 9
5 4 9
5 4 8
5 4 7
5 5 4
5 5 5
5 4 5
5 4 4
5 4 2
5 5 2
5 5 3
5 4 3
5 4 1
5 5 1
5 3 10
5 3 11
5 3 12
5 3 9
5 3 6
6 5 0
6 4 0
6 5 7
6 4 7
7 4 7
7 5 7
6 5 3
6 5 2
6 4 2
6 5 4
6 4 3
6 4 4
6 5 5
6 5 6
6 4 5
6 4 6
8 5 7
8 4 7
5 3 0
5 4 11
5 4 12
5 3 8
5 3 4
5 3 5
5 3 2
5 3 3
5 3 1
6 3 0
6 3 2
6 3 3
6 3 4
6 3 7
6 3 5
6 3 6
7 3 7
8 3 7
5 4 13
5 5 13
6 7 1
7 7 1
8 7 1
6 6 1
6 4 1
6 5 1
6 3 1
5 8 12
6 8 12
7 8 12
8 8 12
5 2 7
8 2 8
5 7 8
5 3 7
12 2 6
12 2 0
9 2 0
10 2 0
12 2 5
12 2 4
12 7 6
12 7 5
12 7 4
12 7 0
12 7 2
12 9 2
12 9 0
11 7 0
12 2 2
12 2 3
12 7 3
12 2 1
12 9 1
11 2 0
11 2 2
11 2 3
11 2 4
11 2 7
11 2 5
10 2 4
11 2 6
10 2 6
10 2 5
11 7 2
11 7 3
11 7 4
11 7 5
11 7 7
11 7 6
12 7 1
10 7 0
9 7 0
10 8 0
9 8 0
10 7 5
10 7 4
9 7 4
9 7 5
10 7 7
10 7 6
9 7 6
9 7 7
10 7 3
9 7 3
10 7 2
9 7 2
10 8 10
10 8 11
9 8 11
9 8 10
10 8 8
10 8 9
9 8 9
9 8 8
10 9 2
9 9 2
10 9 0
9 9 0
10 9 1
9 9 1
11 2 11
11 2 10
11 2 9
11 2 12
11 2 8
10 2 8
11 2 1
10 2 1
11 8 0
11 8 10
11 8 11
11 8 8
11 8 9
11 9 2
11 9 0
11 9 1
9 2 5
9 2 6
10 2 7
9 2 7
12 6 0
12 6 6
12 6 5
12 6 4
12 6 2
12 6 3
12 6 1
11 6 0
11 6 4
11 6 3
11 6 2
11 6 5
11 6 6
11 6 7
9 6 7
10 6 7
12 8 2
12 8 0
12 8 1
10 8 2
9 8 2
11 8 2
12 4 0
12 5 0
12 5 4
12 5 5
12 4 5
12 4 4
12 4 2
12 5 3
12 5 2
12 4 3
12 4 1
12 5 1
12 3 6
11 5 0
11 4 0
10 5 7
10 4 7
11 5 7
11 4 7
11 5 4
11 5 3
11 4 4
11 4 3
11 4 2
11 5 2
11 5 5
11 4 5
11 5 6
11 4 6
9 5 7
9 4 7
12 3 0
12 3 4
12 3 5
12 3 2
12 3 3
12 3 1
11 3 0
11 3 2
11 3 3
11 3 4
11 3 7
11 3 5
11 3 6
10 3 7
9 3 7
11 7 1
10 7 1
9 7 1
11 6 1
11 4 1
11 5 1
11 3 1
10 8 12
11 8 12
9 8 12
12 2 7
10 7 8
9 7 8
8 7 8
9 2 8
9 4 13
11 7 12
11 7 11
11 7 10
11 7 9
7 7 8
6 7 9
6 7 10
6 7 11
6 7 12
10 7 12
7 7 12
9 7 12
8 7 12
9 7 9
8 7 9
7 7 9
7 7 11
10 7 11
8 7 11
9 7 11
10 7 10
7 7 10
9 7 10
8 7 10
10 7 9
11 6 11
11 6 12
11 5 12
11 5 11
11 4 12
11 4 11
11 3 12
11 3 11
11 6 10
11 6 9
11 5 10
11 5 9
11 4 10
11 4 9
11 3 10
11 3 9
10 6 9
10 6 8
10 5 9
10 5 8
10 4 8
10 3 8
9 6 8
9 5 8
9 4 8
9 3 8
8 6 8
8 5 8
8 4 8
8 3 8
7 6 8
7 5 8
7 4 8
7 3 8
6 6 9
6 5 9
6 4 9
6 3 9
6 6 10
6 6 11
6 5 10
6 5 11
6 4 10
6 4 11
6 3 10
6 3 11
6 6 12
6 5 12
6 4 12
6 3 12
7 6 12
7 5 12
7 5 13
7 4 12
7 3 12
7 2 12
8 5 13
9 5 13
10 5 13
10 6 12
10 5 12
