5676 22 14 50
1 2 33
1 2 32
2 3 27
2 3 28
1 3 29
1 4 30
2 3 29
1 2 16
2 2 17
1 3 16
2 3 17
2 1 29
2 1 28
2 1 30
2 1 24
2 1 23
2 1 25
2 1 26
2 1 27
2 1 22
2 1 21
2 1 20
2 2 19
2 2 21
2 1 33
2 1 32
2 1 31
2 2 29
2 2 28
2 2 27
2 2 26
2 2 25
2 2 24
2 2 23
2 2 22
2 2 20
2 1 19
2 1 18
2 2 18
2 2 16
2 1 16
2 1 17
1 3 28
2 3 22
2 3 21
2 3 24
2 3 23
2 3 20
2 3 19
2 3 18
2 3 26
2 3 25
1 3 32
1 3 33
1 4 33
1 3 30
1 3 31
1 4 31
1 4 32
1 2 24
1 2 25
1 2 27
1 2 28
1 2 26
1 2 29
1 2 30
1 2 31
1 1 33
1 1 32
1 1 31
1 1 28
1 1 27
1 1 25
1 1 24
1 1 30
1 1 29
1 1 26
1 1 23
1 2 23
1 1 22
1 2 22
1 1 21
1 1 20
1 2 21
1 2 20
3 1 33
3 2 33
2 2 33
1 3 27
1 3 25
1 3 26
1 2 19
1 2 18
1 2 17
2 3 16
20 2 33
20 2 32
19 1 24
19 1 25
19 1 23
19 1 26
19 1 22
19 1 27
19 1 28
19 1 21
19 1 20
19 1 30
19 1 31
19 1 29
19 1 32
19 1 33
19 2 29
19 2 27
19 1 19
19 1 18
19 2 21
19 2 24
19 2 22
19 2 20
19 2 19
19 2 17
19 2 18
19 2 16
19 2 26
19 2 25
19 2 23
19 1 16
19 1 17
20 2 16
19 3 16
20 3 16
19 3 17
20 4 30
19 3 29
19 3 28
20 4 33
20 3 33
20 3 32
20 3 31
20 3 30
20 4 31
20 4 32
20 3 29
19 3 27
19 3 26
19 3 25
19 3 24
20 2 24
20 2 25
20 2 26
20 3 27
20 2 27
20 3 28
20 2 28
20 2 29
20 2 30
19 3 21
19 3 22
20 2 22
19 3 23
20 2 23
19 3 20
20 2 20
20 2 19
20 2 17
20 2 18
20 2 21
19 3 19
19 3 18
20 2 31
20 1 24
20 1 23
20 1 22
20 1 21
20 1 32
20 1 31
20 1 33
18 2 33
18 1 33
20 1 25
20 1 27
20 1 28
20 1 26
20 1 29
20 1 30
19 2 33
13 9 45
14 9 45
12 9 45
11 9 45
9 9 45
8 9 45
10 9 45
7 9 45
7 9 44
6 9 44
8 9 44
6 9 45
9 9 44
10 9 44
11 9 44
13 9 44
12 9 44
14 9 44
15 9 44
15 9 45
14 9 46
15 9 46
14 9 47
13 9 46
12 9 46
11 9 46
9 9 46
10 9 46
8 9 46
9 9 48
8 9 48
11 9 48
10 9 48
12 9 48
13 9 48
5 9 44
5 9 45
6 8 45
6 8 47
6 8 46
6 7 47
6 7 48
7 7 48
9 7 48
8 7 48
10 7 48
11 7 48
12 7 48
13 7 48
14 7 48
15 7 48
15 7 47
15 8 47
15 8 46
15 8 45
16 8 45
16 9 45
16 9 44
14 8 47
13 8 47
12 7 47
12 8 47
11 7 47
11 8 47
7 8 47
8 8 47
9 8 47
9 7 47
10 8 47
10 7 47
9 8 46
8 8 46
7 8 46
11 8 46
10 8 46
14 7 47
13 7 47
7 7 47
8 7 47
7 8 45
8 8 45
9 8 45
10 8 45
5 8 45
14 8 45
13 8 45
12 8 45
14 8 46
13 8 46
12 8 46
15 10 47
15 10 46
16 10 46
6 10 47
6 10 46
5 10 46
18 9 43
18 9 44
17 9 46
17 10 47
18 9 45
4 9 46
5 8 46
5 9 46
16 8 46
16 9 46
11 10 48
11 10 47
12 10 48
12 10 47
13 10 48
13 10 47
14 10 48
9 10 47
8 10 47
10 10 47
7 10 45
7 10 46
8 10 45
8 10 46
9 10 46
9 10 45
11 10 45
10 10 46
10 10 45
11 10 46
12 10 46
12 10 45
13 10 45
6 10 45
5 10 45
4 10 44
11 11 45
10 11 45
14 10 45
16 10 45
15 10 45
13 10 46
14 10 46
17 10 44
17 10 45
17 10 46
18 10 44
17 9 45
16 10 47
14 10 47
16 10 48
12 11 46
11 11 48
11 11 47
12 11 45
11 11 46
10 11 48
10 11 47
9 10 48
10 11 46
9 11 46
7 10 47
9 11 45
5 10 47
5 10 48
4 10 47
4 10 46
4 10 45
3 10 44
3 9 43
3 9 44
3 9 45
4 10 48
3 10 45
17 10 48
18 10 45
4 9 45
6 10 48
7 10 48
8 10 48
10 10 48
6 9 46
6 9 47
15 10 48
6 9 48
7 9 47
7 9 46
8 9 47
9 9 47
10 9 47
7 9 48
11 9 47
12 9 47
13 9 47
14 9 48
5 9 47
5 8 47
14 8 48
13 8 48
11 8 48
12 8 48
7 8 48
15 9 47
16 9 47
15 9 48
16 8 47
14 11 48
12 11 48
13 11 48
15 11 48
7 11 48
8 11 48
9 11 48
6 11 48
8 8 48
9 8 48
10 8 48
9 9 15
9 9 16
10 9 15
8 9 16
7 9 16
7 9 15
8 9 15
10 9 16
11 9 15
12 9 15
12 9 16
11 9 16
13 9 15
13 9 16
14 9 15
14 9 16
15 9 16
16 9 16
17 9 16
17 9 17
16 9 17
18 9 17
18 9 18
18 10 19
17 10 19
17 11 21
17 10 20
18 10 20
16 12 23
17 11 22
17 12 23
14 12 23
14 13 23
15 12 23
15 13 23
13 13 23
12 13 23
12 13 22
13 12 22
11 13 23
10 13 23
10 13 22
11 13 22
9 13 23
9 13 22
8 13 23
7 13 23
7 12 23
8 12 22
6 13 23
6 12 23
5 12 23
4 12 23
4 11 22
4 11 21
3 9 18
3 9 17
3 10 19
3 10 20
4 10 19
4 10 20
4 9 16
5 9 16
4 9 17
6 9 16
4 4 2
3 4 3
4 4 3
5 4 2
5 4 1
18 4 3
17 4 2
16 4 1
15 10 41
15 10 40
15 11 39
15 10 42
16 11 39
16 12 36
15 11 37
16 11 37
15 11 38
16 11 38
16 12 35
15 11 36
15 12 35
14 10 40
14 11 39
14 10 42
14 10 41
15 12 36
14 11 37
14 11 38
13 10 40
13 11 39
12 10 40
12 11 39
12 10 42
13 10 41
12 10 41
14 12 35
13 12 36
14 12 36
13 11 37
13 11 38
13 10 42
11 10 40
11 10 42
11 10 41
13 12 35
12 12 35
12 12 36
12 11 37
12 11 38
10 11 39
11 11 39
11 11 38
11 12 37
12 12 37
10 10 40
10 10 42
10 10 41
9 10 42
9 10 41
9 11 39
9 10 40
8 10 40
8 10 42
8 10 41
7 10 42
7 11 39
7 10 40
8 11 39
7 10 41
6 10 42
6 10 41
9 12 35
9 12 36
9 11 37
10 12 35
9 11 38
9 12 37
10 12 37
10 12 36
8 11 38
8 11 37
8 12 36
10 11 38
11 12 35
11 12 36
7 12 35
7 12 36
8 12 35
7 11 37
7 11 38
6 11 39
6 11 38
6 10 40
5 11 39
5 12 36
5 11 37
6 11 37
5 11 38
5 12 35
6 11 36
6 12 35
6 12 36
17 4 3
16 4 2
4 12 31
4 12 30
4 11 31
4 11 30
4 10 31
4 12 28
4 11 29
4 12 29
4 10 30
3 10 31
3 10 29
4 10 28
3 10 27
3 10 28
3 10 26
3 10 30
3 9 30
3 9 29
4 10 29
3 9 28
3 9 27
3 9 26
3 9 25
3 10 25
3 10 24
3 10 23
3 10 22
4 11 25
4 11 23
3 11 22
3 11 23
4 11 24
4 11 26
4 12 24
4 12 25
4 12 26
4 11 28
4 12 27
4 11 27
3 9 21
3 9 22
3 10 21
3 9 24
3 9 23
4 6 4
4 7 5
5 6 5
4 7 6
5 7 6
3 7 6
5 6 4
5 7 5
4 8 6
4 8 7
3 8 7
3 7 5
3 6 4
3 6 5
2 6 5
2 7 6
3 7 7
18 7 7
18 7 6
19 7 6
18 7 5
18 8 7
17 7 6
17 8 7
17 7 5
17 6 4
18 6 4
18 6 5
19 6 5
16 6 5
16 7 6
17 8 6
16 7 5
16 6 4
4 9 37
4 10 36
4 9 36
4 10 35
3 9 35
4 10 32
4 10 33
3 9 34
4 10 34
4 9 35
4 12 32
4 11 32
4 11 33
4 11 35
4 11 34
4 11 36
4 10 37
3 9 33
3 10 32
3 9 31
3 9 32
15 12 22
14 12 22
15 12 21
14 12 21
16 11 21
15 11 21
17 11 20
16 11 20
15 11 20
14 11 20
14 11 19
17 9 18
16 10 18
15 10 19
16 10 19
13 12 21
16 11 22
16 12 22
15 10 18
16 9 18
14 10 18
14 9 17
15 9 17
13 11 19
13 10 17
12 11 19
13 10 18
12 12 21
13 11 20
12 11 20
11 12 21
10 12 21
10 11 19
10 11 20
11 11 19
11 11 20
9 12 21
9 11 19
9 11 20
8 12 21
8 11 20
12 10 17
12 10 18
11 10 17
11 10 18
10 10 17
10 10 18
9 10 18
9 10 17
7 12 22
7 12 21
6 12 22
7 11 20
6 12 21
7 11 19
6 11 20
5 12 22
8 11 19
6 10 19
6 10 18
5 11 20
6 9 17
5 9 17
5 10 18
5 10 19
4 11 20
7 10 18
7 9 17
8 10 18
8 9 17
8 10 17
5 11 22
5 11 21
6 11 21
4 9 18
5 9 18
18 9 21
18 9 22
18 10 21
18 10 22
18 10 23
18 10 24
18 9 24
18 9 25
18 9 26
18 9 23
17 10 31
17 11 30
17 11 31
17 12 30
17 12 31
17 12 29
17 11 29
17 12 28
17 12 27
17 11 28
17 12 26
18 10 26
17 11 26
18 10 27
17 11 27
17 10 28
17 10 30
17 10 29
17 12 25
17 11 25
17 12 24
17 11 23
17 11 24
18 10 25
18 9 30
18 9 29
18 9 28
18 10 28
18 9 27
18 10 31
18 10 30
18 10 29
17 10 33
17 10 32
17 10 35
17 10 34
17 9 35
18 9 35
18 9 34
17 11 33
17 12 32
17 11 32
17 11 34
17 11 35
17 10 37
17 10 36
17 11 36
17 9 37
17 9 36
16 9 42
16 10 40
16 10 41
16 10 42
16 11 36
5 11 36
5 10 40
5 9 42
5 10 42
5 10 41
13 10 43
12 10 43
11 10 43
9 10 43
8 10 43
10 10 43
17 9 38
17 10 38
17 12 33
18 9 36
18 9 33
18 9 32
18 9 31
4 10 38
4 9 38
4 12 33
3 9 36
18 10 32
20 4 38
20 5 38
20 6 38
20 4 39
20 5 39
20 5 40
19 2 37
19 3 36
20 2 37
20 3 37
19 2 38
20 2 38
19 3 39
20 3 38
19 4 36
19 4 37
20 4 37
19 5 38
19 4 38
18 3 34
17 3 34
20 3 34
19 3 34
18 4 34
20 4 34
19 4 34
16 4 34
16 3 34
16 2 34
17 4 34
20 5 34
19 5 34
17 5 34
18 5 34
20 5 35
16 5 34
17 5 35
20 6 37
20 6 39
20 7 39
18 6 36
17 6 36
18 7 36
20 6 36
19 6 36
20 7 36
19 7 36
17 7 36
18 7 37
20 7 37
19 7 37
16 7 37
16 6 36
16 6 35
17 7 37
20 3 36
20 3 35
20 2 36
20 5 37
18 7 38
20 7 38
19 7 38
17 7 38
16 7 38
17 7 39
19 4 39
16 2 41
16 3 41
16 4 41
16 3 40
16 4 40
16 5 40
16 1 40
16 5 41
16 2 40
16 6 39
16 6 40
16 1 39
16 1 38
16 0 39
16 1 37
16 0 38
16 1 36
16 0 37
16 6 38
16 2 35
16 1 35
16 3 35
16 6 37
16 4 35
16 5 35
17 2 34
18 2 34
20 2 34
19 2 34
17 1 35
18 1 35
20 1 35
19 1 35
20 4 35
20 2 35
20 1 36
20 0 36
20 1 37
20 0 37
20 0 38
20 0 39
20 1 38
20 1 39
20 1 40
20 2 40
20 2 41
20 3 41
20 3 40
20 4 41
20 5 41
20 4 40
20 6 40
20 6 35
20 5 36
20 2 39
20 3 39
17 0 39
18 0 39
19 0 39
17 1 40
18 1 40
19 1 40
17 3 41
18 3 41
18 2 41
19 3 41
19 2 41
17 2 41
20 4 36
19 3 37
19 2 36
19 3 38
19 1 38
19 2 39
19 3 40
19 4 40
19 5 39
19 5 37
19 5 36
19 4 35
19 3 35
19 1 37
17 0 36
16 0 36
18 0 36
19 0 36
17 0 38
18 0 38
19 0 38
19 0 37
17 0 37
18 0 37
17 5 40
17 6 40
17 5 41
18 5 40
18 6 40
19 5 40
19 6 40
18 5 41
19 5 41
17 4 35
17 4 41
18 4 41
19 4 41
17 6 35
18 6 35
19 6 35
18 5 35
19 5 35
17 6 37
17 6 39
17 6 38
17 5 39
18 6 39
18 7 39
19 6 39
19 7 39
17 4 40
17 3 40
17 2 40
17 2 39
17 1 38
18 4 35
18 3 35
17 3 35
18 2 35
19 2 35
17 5 36
18 5 36
17 2 35
18 2 36
19 1 36
18 6 37
19 6 37
17 1 36
18 1 36
17 2 36
18 1 37
18 6 38
19 6 38
17 1 37
18 1 38
18 5 39
18 1 39
19 1 39
18 2 39
17 1 39
18 4 40
18 2 40
19 2 40
18 3 40
20 7 12
20 7 11
19 8 12
20 7 13
19 8 13
20 7 14
19 8 11
19 8 10
20 7 10
19 8 9
20 7 9
20 6 14
20 6 9
20 4 17
20 5 17
19 4 17
20 6 17
20 7 17
19 7 17
19 8 17
19 8 18
19 9 19
18 9 19
15 6 4
15 7 5
16 7 7
16 8 9
16 8 8
16 7 8
17 8 10
16 8 10
17 8 11
17 8 12
17 8 13
18 9 14
18 9 15
18 9 16
20 6 8
19 6 8
19 6 7
19 6 6
17 7 7
17 6 7
18 6 7
3 6 7
4 6 7
4 7 7
17 7 8
18 8 6
18 7 8
18 8 8
17 8 8
16 6 7
16 6 6
17 6 5
17 6 6
18 6 6
5 7 7
16 8 6
19 7 7
1 5 15
2 5 15
3 5 15
4 5 15
5 5 15
1 4 16
2 4 16
1 4 15
2 4 15
5 6 15
2 6 15
3 6 14
4 6 15
5 6 14
4 6 14
5 4 16
4 4 16
3 4 16
5 4 15
4 4 15
1 6 15
2 6 14
1 6 14
5 6 13
3 6 13
2 6 13
3 7 13
4 7 13
5 7 13
1 7 13
2 7 13
1 7 12
2 7 12
3 7 12
4 7 12
5 7 12
5 7 11
4 7 11
2 7 11
1 7 11
3 7 11
4 7 10
5 7 10
3 7 10
2 7 10
5 6 10
4 6 10
1 7 10
2 6 10
3 6 10
1 6 9
2 6 9
3 6 9
1 6 10
4 6 9
5 6 9
5 8 6
5 8 7
4 8 9
4 8 8
5 8 9
4 8 10
4 8 11
4 8 13
4 8 12
3 9 14
3 9 16
3 9 15
3 8 13
3 8 12
3 8 11
3 8 10
3 8 9
3 8 8
1 4 17
1 3 17
1 5 17
1 5 16
1 6 17
1 6 16
1 7 17
1 7 15
1 7 14
1 7 16
2 8 15
2 8 14
1 8 14
2 8 12
2 8 13
2 8 16
2 8 17
2 8 18
2 8 11
2 9 18
2 8 19
2 9 19
2 7 7
2 6 6
2 7 8
2 8 9
1 7 9
6 6 4
6 7 5
1 6 8
2 6 7
1 8 12
2 8 10
1 8 11
5 8 8
2 6 8
5 7 8
4 7 8
3 8 6
3 7 8
5 6 6
4 6 5
4 6 6
3 6 6
20 8 13
20 8 14
20 8 15
20 7 15
19 8 15
19 8 14
18 8 13
19 6 9
18 6 9
17 6 9
16 6 9
16 6 10
19 6 10
20 6 10
18 6 10
17 6 10
19 7 10
18 7 10
17 7 10
16 7 10
19 7 11
18 7 11
16 7 11
17 7 11
19 7 12
18 7 12
17 7 12
16 7 12
16 7 13
19 7 13
18 7 13
17 7 13
19 6 13
20 6 13
16 6 13
18 6 13
19 6 14
18 6 14
17 6 14
16 6 14
20 6 15
19 6 15
20 5 15
16 5 15
17 5 15
16 6 15
18 5 15
17 6 15
19 5 15
20 4 16
19 4 15
20 4 15
16 4 16
17 4 16
16 4 15
18 4 16
17 4 15
19 4 16
18 3 16
17 3 16
16 3 16
16 2 16
17 2 16
18 2 16
20 7 16
20 6 16
20 5 16
19 8 8
19 8 7
19 7 8
18 8 9
18 8 10
19 8 16
18 8 12
18 8 11
19 8 19
19 9 18
3 3 16
4 3 16
5 3 16
3 2 16
4 2 16
5 2 16
17 8 9
16 8 7
2 8 8
2 8 7
6 6 3
10 6 2
11 6 2
12 6 2
9 6 2
8 6 3
7 6 3
10 8 9
10 8 10
9 8 9
8 8 10
8 8 9
8 8 13
7 9 14
7 8 13
9 8 11
8 8 11
7 8 10
7 8 9
6 8 11
6 8 10
9 8 10
9 8 12
8 8 12
7 8 12
7 8 11
6 8 9
5 8 11
5 8 10
6 7 6
9 9 14
8 9 14
6 9 15
6 9 14
5 9 15
4 8 15
4 9 15
6 8 13
5 8 13
5 8 12
6 8 12
5 8 14
4 8 14
6 8 14
4 9 14
11 8 10
12 8 11
11 8 11
10 8 11
13 8 13
14 9 14
13 9 14
12 8 13
12 9 14
11 8 12
10 8 12
12 8 12
12 9 13
11 9 13
11 9 14
10 9 13
10 9 14
9 8 13
9 9 13
15 9 15
16 9 15
17 8 15
17 9 15
16 8 12
17 8 14
16 8 11
15 7 6
15 7 7
14 6 5
14 7 6
14 7 7
13 7 6
12 6 3
13 6 4
11 6 3
12 6 4
10 6 3
14 6 3
14 6 4
13 6 3
15 7 8
13 7 5
14 7 5
12 7 5
15 6 5
13 6 2
15 6 3
9 6 3
7 6 4
6 6 5
6 7 7
9 6 4
8 6 4
8 7 6
7 7 7
7 7 6
7 6 5
9 7 5
8 7 5
6 7 8
7 7 5
8 7 7
10 6 4
9 7 6
10 7 6
9 7 7
10 7 7
7 7 8
8 7 8
10 7 5
9 7 8
10 7 8
10 8 8
13 7 7
12 7 7
12 7 6
15 8 9
14 8 9
14 7 8
13 8 9
13 7 8
12 8 9
12 7 8
11 8 9
11 7 8
11 7 7
11 7 6
11 7 5
11 6 4
13 8 10
14 8 10
15 8 10
15 8 11
13 8 11
14 8 13
12 8 10
13 8 12
14 8 11
14 8 12
16 8 13
15 8 13
16 8 14
15 9 14
15 8 14
15 8 12
17 9 14
14 9 13
16 9 13
15 9 13
15 9 12
14 9 12
13 9 12
16 9 14
10 8 7
11 8 7
11 8 8
12 8 7
12 8 8
13 8 8
14 8 8
15 8 8
14 7 4
12 7 3
13 7 4
12 7 4
13 8 7
11 7 4
10 7 4
11 7 3
10 7 3
9 7 4
9 7 3
8 8 7
8 8 8
9 8 7
6 8 8
7 8 8
9 8 8
5 9 13
8 9 12
7 9 13
7 9 12
6 9 13
6 9 12
10 9 12
9 9 12
10 9 11
11 9 11
12 9 12
12 9 11
11 9 12
5 9 14
8 9 13
13 9 13
7 7 4
8 6 2
8 7 4
7 8 7
10 7 46
8 7 46
9 7 46
7 7 46
14 7 46
13 7 46
11 7 46
12 7 46
14 8 30
13 8 30
16 8 30
15 8 30
14 7 30
13 7 30
12 7 29
17 9 29
17 8 29
16 7 30
15 7 30
12 8 29
16 9 30
17 7 29
12 4 27
12 5 27
13 4 27
12 6 28
12 5 28
13 5 28
13 7 29
13 6 29
13 6 28
12 6 29
13 3 27
13 5 29
13 4 28
15 6 29
14 5 29
14 6 29
14 4 28
14 3 27
15 5 29
16 6 29
16 5 29
15 4 28
15 3 27
16 4 28
16 3 27
16 5 28
16 4 27
17 6 28
16 7 29
17 5 28
16 6 28
17 5 27
17 4 27
12 9 29
13 10 30
15 12 30
16 11 30
16 10 30
14 12 30
13 11 30
13 9 30
14 9 30
15 10 30
14 10 30
14 11 30
15 11 30
15 9 30
17 6 29
17 5 29
16 5 30
17 8 30
16 6 30
17 7 30
17 9 30
12 5 29
12 5 30
13 8 29
12 6 30
13 6 30
12 9 30
17 4 25
17 4 24
17 4 26
16 4 26
17 4 23
17 5 25
17 5 26
16 3 26
16 3 25
16 4 25
7 8 30
7 9 30
6 9 30
6 8 30
4 2 28
5 2 28
4 3 28
6 2 28
5 3 28
4 3 29
7 2 28
6 3 28
7 3 28
6 3 29
5 3 29
4 4 29
5 4 29
4 5 30
8 2 28
9 2 28
8 3 28
8 5 30
7 5 30
8 4 29
6 5 30
7 4 29
8 3 29
5 5 30
6 4 29
7 3 29
7 6 30
5 6 30
4 6 30
6 6 30
8 6 30
5 7 30
6 7 30
5 8 30
8 8 30
8 7 30
7 7 30
8 10 30
8 9 30
9 9 30
9 8 30
9 8 29
9 7 29
9 5 28
9 4 29
9 4 27
9 6 29
8 5 29
9 5 29
8 7 29
7 11 30
7 10 30
6 11 30
6 10 30
5 9 30
5 10 30
4 8 29
4 8 30
4 9 30
4 7 29
4 6 29
4 4 27
4 4 28
4 5 28
4 5 29
7 4 23
6 4 23
7 4 24
8 4 24
8 3 25
5 4 23
6 4 24
4 4 23
5 4 24
6 3 25
7 3 25
8 3 26
7 3 26
8 2 27
9 4 23
8 4 23
9 4 24
5 2 27
6 2 27
5 3 26
4 3 25
7 2 27
6 3 26
5 3 25
4 4 24
9 4 26
9 4 25
9 3 23
8 4 27
8 4 26
8 4 25
8 3 27
17 3 24
17 3 25
17 3 26
17 3 27
17 2 28
17 3 28
4 9 29
5 5 29
6 5 29
7 5 29
5 6 29
6 6 29
7 6 29
8 5 28
8 6 29
9 6 28
8 4 28
4 5 27
5 6 28
5 5 28
5 3 27
5 4 28
5 4 27
9 5 27
5 7 29
4 6 28
4 2 27
4 3 27
4 2 26
4 3 26
4 2 25
4 3 24
4 4 26
4 4 25
4 3 23
17 4 29
17 4 28
9 9 29
9 3 28
9 4 28
11 8 45
7 3 23
6 3 23
5 3 23
8 3 23
6 7 46
15 8 44
15 7 46
11 8 44
14 8 44
13 8 44
12 8 44
6 8 44
7 8 44
8 8 44
9 8 44
10 8 44
19 4 28
18 6 30
19 5 30
19 5 29
19 4 29
20 5 30
19 6 30
20 6 31
20 7 31
19 8 31
19 7 31
19 7 30
18 7 30
18 8 30
19 9 31
19 4 18
19 6 18
19 5 18
19 7 18
1 7 31
2 7 31
2 6 30
2 8 31
2 7 30
3 6 30
3 7 30
3 8 30
2 9 31
1 6 31
1 5 30
2 5 30
2 4 28
2 4 29
2 5 29
1 4 29
2 6 18
2 7 18
2 4 18
2 5 18
2 7 19
19 5 17
2 5 17
2 6 17
2 4 17
15 4 32
14 4 32
15 5 32
17 4 32
16 4 32
13 4 32
12 4 32
11 4 32
10 4 32
17 5 32
16 5 32
14 5 32
10 5 32
11 5 32
12 5 32
13 5 32
15 5 33
12 5 33
13 5 33
16 5 33
14 5 33
17 5 33
12 5 36
13 5 35
12 5 35
14 5 34
13 5 34
12 5 34
10 4 37
11 4 36
10 4 36
11 5 36
10 5 36
11 5 35
10 5 35
15 5 34
11 5 34
10 5 34
10 5 33
11 5 33
14 5 35
13 5 36
12 4 37
13 5 37
14 5 36
14 5 37
15 5 35
11 4 37
15 5 36
16 5 36
15 5 37
16 5 37
6 5 32
7 4 32
6 4 32
9 4 32
4 5 32
5 5 32
5 4 32
4 4 32
8 4 32
7 5 32
9 5 32
8 5 32
7 5 33
8 5 33
6 5 33
5 5 33
9 5 33
4 5 33
9 5 34
8 5 34
7 5 34
8 5 35
9 5 35
9 5 36
6 5 34
7 5 37
8 5 37
7 5 36
9 4 37
8 5 36
7 5 35
5 5 37
6 5 37
5 5 36
6 5 36
5 5 35
6 5 35
5 5 34
15 7 37
13 7 37
12 7 37
11 7 37
14 6 37
13 6 37
12 6 37
10 7 37
9 7 37
8 7 37
10 6 37
9 6 37
6 7 37
5 7 37
14 7 37
15 6 37
11 6 37
7 7 37
7 6 37
9 5 37
5 6 37
6 6 37
8 6 37
10 5 37
11 5 37
12 5 37
16 12 31
5 10 38
5 11 35
5 10 39
6 9 41
6 9 42
16 10 38
16 10 39
15 9 42
15 9 41
16 11 35
16 10 37
16 12 32
16 12 33
16 11 33
16 11 34
17 9 34
17 9 33
17 9 32
17 9 31
5 12 31
5 10 37
5 11 34
5 11 33
5 12 33
5 12 32
4 9 33
4 9 34
4 9 31
4 9 32
3 9 19
4 9 19
8 12 23
9 12 23
10 12 23
11 12 23
12 12 23
13 12 23
17 9 19
18 5 18
18 6 18
18 6 19
18 6 20
18 7 19
18 8 19
18 9 20
18 8 20
3 3 20
3 3 23
3 3 21
3 3 18
3 3 19
3 3 22
3 3 24
3 3 26
3 3 25
3 3 27
3 4 28
3 3 28
3 4 29
3 5 29
3 6 29
3 6 20
3 6 19
3 6 18
3 5 18
3 9 20
3 8 20
3 8 19
3 7 19
3 4 18
5 9 21
6 9 21
5 9 22
5 8 22
5 8 21
5 7 22
5 6 22
6 6 22
6 7 22
7 6 22
8 6 22
8 7 22
8 8 22
8 8 21
9 8 22
8 9 21
8 9 22
7 10 21
7 9 21
6 10 21
7 8 22
6 8 22
7 7 22
6 7 21
6 8 21
7 7 21
7 8 21
13 9 17
18 7 20
17 7 19
17 7 20
16 7 19
17 8 20
16 8 20
16 7 20
15 7 19
15 7 20
14 7 19
15 8 20
14 8 20
14 7 20
13 7 19
13 7 20
12 7 19
13 8 20
12 8 20
12 7 20
11 7 19
11 7 20
10 7 19
10 9 20
10 8 20
11 9 20
11 8 20
12 9 20
13 9 20
14 9 20
10 7 20
15 9 20
16 9 20
17 9 20
9 9 20
9 7 19
9 8 20
8 8 20
8 7 19
7 8 20
7 7 19
8 9 20
6 8 20
6 7 19
5 8 20
5 7 19
5 9 20
4 8 20
4 7 19
6 9 20
7 9 20
4 9 20
18 4 17
18 5 17
18 2 17
18 3 17
17 2 17
17 3 17
17 4 17
15 2 16
17 5 16
15 5 16
15 4 16
16 5 16
15 3 16
6 5 16
7 5 16
8 4 16
8 5 16
9 4 16
10 4 16
9 5 16
10 5 16
12 3 16
13 3 16
12 4 16
13 4 16
14 3 16
14 4 16
12 5 16
13 5 16
14 5 16
11 4 16
11 5 16
14 2 16
13 2 16
12 2 16
7 4 16
6 4 16
10 3 16
9 3 16
8 3 16
7 3 16
10 2 16
9 2 16
8 2 16
6 3 16
7 2 16
6 2 16
11 3 16
11 2 16
3 5 17
4 5 16
5 5 16
3 4 17
4 4 17
4 3 17
4 2 17
3 3 17
3 2 17
17 6 19
16 6 19
15 6 19
14 6 19
17 6 20
13 6 19
12 6 19
11 6 19
10 6 19
10 6 20
11 6 20
12 6 20
13 6 20
14 6 20
15 6 20
16 6 20
9 6 19
9 6 20
4 6 20
5 6 20
6 6 19
6 6 20
7 6 19
7 6 20
8 6 19
8 6 20
4 6 19
5 6 19
10 12 24
10 13 24
11 12 24
12 12 24
9 12 24
10 9 19
10 9 18
11 9 18
11 9 19
10 4 27
10 4 26
10 4 24
10 4 25
10 3 24
9 3 24
10 3 23
11 4 21
11 4 20
12 4 21
12 4 19
11 4 15
11 4 18
12 4 18
12 5 19
12 5 20
11 4 19
12 4 20
11 4 17
12 4 17
12 5 21
12 6 18
12 5 17
12 5 18
9 4 21
10 4 21
9 5 20
10 5 20
11 5 20
10 3 15
10 3 17
10 4 18
10 4 19
10 4 20
9 4 22
10 4 22
10 4 23
11 3 15
10 4 17
11 4 22
11 4 23
11 4 24
9 2 15
9 3 15
9 3 17
9 3 18
9 3 19
9 3 20
9 3 21
9 3 22
9 4 18
9 4 17
10 4 15
9 4 20
9 4 19
9 2 17
9 2 18
9 2 19
9 2 20
9 2 21
9 2 23
9 2 24
9 2 22
9 2 32
9 2 31
9 3 30
9 2 30
9 3 29
9 2 29
9 3 27
9 3 26
9 3 25
9 2 27
9 2 26
9 2 25
9 3 31
9 5 31
9 4 30
9 4 31
9 3 32
9 5 30
12 5 31
12 4 31
12 4 30
12 4 29
12 4 28
12 3 32
12 3 31
12 3 30
12 2 32
12 3 29
12 3 28
12 4 26
12 3 27
12 3 26
12 4 25
12 4 24
12 4 23
12 2 24
12 3 24
12 2 25
12 3 25
12 2 26
12 2 27
12 2 28
12 2 29
12 2 30
12 2 31
12 4 22
12 3 22
12 3 21
12 3 20
12 3 19
12 3 18
12 3 17
11 3 17
12 3 23
12 2 23
12 2 15
12 3 15
12 2 17
12 2 18
12 2 19
12 2 20
12 2 21
12 2 22
17 10 22
16 12 26
16 12 27
16 12 28
16 12 29
16 12 30
13 5 30
13 4 29
14 5 30
13 3 28
14 4 29
15 5 30
15 4 29
16 2 28
16 3 28
14 3 28
14 2 28
13 2 28
15 2 28
15 3 28
16 4 29
16 3 29
15 3 29
15 6 30
14 6 30
13 4 23
14 4 23
12 5 23
13 5 23
14 5 23
16 4 23
16 5 23
17 5 23
15 4 23
15 5 23
17 4 22
17 3 23
16 3 23
14 3 23
13 3 23
15 3 23
16 4 22
14 4 22
13 4 22
15 4 22
13 3 26
14 3 26
13 3 25
15 3 26
14 3 25
13 4 24
15 4 24
14 4 24
15 3 25
16 4 24
5 9 19
6 9 18
6 9 19
7 9 19
7 9 18
8 9 18
8 9 19
9 9 19
12 9 19
13 9 19
14 9 19
15 9 19
16 9 19
14 9 42
16 9 41
16 9 40
16 9 39
16 12 34
15 7 42
16 8 41
16 7 41
16 8 40
16 7 40
16 8 39
16 8 38
17 8 37
16 9 38
16 7 39
15 8 42
7 9 42
8 9 42
9 9 42
10 9 42
10 8 42
11 9 42
12 9 42
13 9 42
14 8 42
13 8 42
12 8 42
11 8 42
5 9 41
5 9 40
5 9 39
6 7 42
6 8 42
7 7 42
7 8 42
8 7 42
8 8 42
9 7 42
9 8 42
11 7 42
12 7 42
13 7 42
14 7 42
10 7 42
5 8 41
5 8 40
4 7 37
4 8 37
5 7 38
5 8 38
5 8 39
5 7 40
5 7 41
5 7 39
5 9 38
5 12 34
6 12 34
6 12 33
7 12 34
15 12 33
15 12 32
14 12 33
13 12 33
12 12 34
12 12 33
13 12 32
12 12 32
11 12 33
11 12 34
10 12 34
9 12 34
8 12 34
10 12 33
9 12 33
7 12 33
8 12 33
10 12 32
9 12 32
8 12 32
6 12 32
14 12 32
11 12 32
7 12 32
13 12 34
14 12 34
15 12 34
5 11 31
5 11 32
6 12 31
8 12 31
7 12 31
15 12 31
13 12 31
12 12 31
10 12 31
9 12 31
14 12 31
11 12 31
16 11 32
16 11 31
5 12 26
6 12 26
6 12 27
5 12 27
8 12 27
9 12 28
8 12 28
10 12 28
6 12 28
5 12 28
12 12 29
13 12 30
12 12 30
10 12 29
10 12 30
9 12 29
9 12 30
8 12 30
8 12 29
6 12 29
5 12 29
6 12 30
5 12 30
7 12 27
7 12 28
11 12 29
11 12 30
7 12 29
7 12 30
13 12 29
12 12 28
13 12 28
15 12 29
15 12 28
9 12 27
10 12 27
8 12 26
9 12 26
10 12 26
12 12 27
12 12 26
13 12 27
15 12 27
13 12 26
15 12 26
11 12 28
14 12 29
14 12 28
7 12 26
11 12 27
11 12 26
14 12 27
14 12 26
16 12 25
14 12 25
13 12 25
11 12 25
15 12 25
15 12 24
10 12 25
9 12 25
6 12 25
7 12 25
8 12 25
12 12 25
13 12 24
14 12 24
7 12 24
8 12 24
6 12 24
5 12 25
5 12 24
16 12 24
4 10 22
4 10 21
17 10 21
18 4 29
18 4 28
17 3 30
18 3 29
18 3 28
17 3 29
17 3 31
17 2 32
18 3 27
17 2 31
17 2 30
17 2 29
17 2 27
18 3 26
18 3 25
17 2 26
17 2 25
18 3 24
17 2 24
17 2 23
18 3 20
18 3 21
18 3 22
18 3 23
18 3 18
18 3 19
18 2 21
18 2 20
18 2 18
17 2 22
18 2 22
18 2 19
18 4 18
17 4 30
18 5 29
18 6 29
17 5 31
17 5 30
17 6 30
17 6 32
17 4 33
17 6 31
17 3 32
17 7 32
17 7 31
17 8 31
17 8 32
17 7 35
17 8 34
17 8 33
17 7 34
17 6 34
17 7 33
17 6 33
17 8 35
17 8 36
5 6 34
5 7 34
4 7 34
4 6 34
5 7 35
4 7 35
5 7 36
4 7 36
6 7 41
7 7 38
7 7 39
8 7 38
9 7 38
6 7 40
7 7 40
8 7 40
7 7 41
8 7 41
10 7 40
11 7 40
8 7 39
11 7 39
9 7 39
11 7 38
12 7 38
12 7 39
13 7 38
15 7 38
6 7 38
6 7 39
9 7 40
10 7 39
10 7 38
14 7 38
15 7 41
14 7 41
15 7 40
14 7 40
13 7 41
12 7 41
14 7 39
13 7 40
13 7 39
12 7 40
11 7 41
9 7 41
10 7 41
15 7 39
16 7 36
16 7 35
16 7 34
16 6 34
10 5 22
10 6 23
11 5 22
10 5 23
11 5 23
7 3 32
6 2 32
6 3 32
8 3 32
5 2 32
4 2 32
5 3 32
4 3 32
7 2 32
7 2 31
10 3 32
10 2 32
10 2 31
8 2 32
8 2 31
15 2 31
14 2 31
14 2 32
15 2 32
14 3 32
16 2 32
13 2 31
13 2 32
11 2 31
11 2 32
11 3 32
13 3 32
15 3 32
16 3 32
12 5 26
12 5 25
13 4 26
19 7 19
12 3 33
12 4 33
12 4 35
12 6 36
12 4 34
11 6 36
10 6 36
9 6 36
9 4 35
9 4 33
9 3 33
9 4 34
9 5 19
9 7 20
9 5 18
9 6 18
9 5 17
10 3 18
10 3 19
9 5 21
11 5 31
11 5 30
11 4 29
11 4 28
11 5 29
11 4 27
11 4 26
11 4 25
10 4 28
10 5 29
10 5 31
10 5 30
10 4 29
6 7 20
6 8 19
7 8 19
7 7 20
4 2 21
4 2 20
3 2 21
3 2 20
5 2 19
5 2 18
4 2 18
3 2 18
4 2 23
4 2 22
3 2 22
4 2 19
5 2 17
3 2 19
7 2 17
6 2 18
8 2 17
8 2 18
6 2 19
6 2 20
7 2 19
5 2 21
5 2 22
6 2 21
7 2 20
8 2 19
8 2 20
7 2 18
10 2 18
10 2 17
11 2 17
11 2 18
13 2 17
14 2 17
6 2 17
5 2 20
7 2 21
10 2 19
13 2 18
15 2 17
10 2 20
11 2 20
14 2 18
16 2 18
11 2 19
16 2 17
6 2 22
8 2 21
13 2 19
15 2 18
5 2 23
11 2 21
11 2 22
10 2 23
16 2 22
16 2 23
17 2 18
14 2 19
13 2 20
14 2 20
15 2 19
15 2 20
16 2 19
17 2 19
16 2 20
17 2 20
10 2 21
7 2 22
6 2 23
7 2 23
8 2 22
8 2 23
10 2 22
11 2 23
13 2 21
13 2 22
14 2 21
15 2 21
16 2 21
17 2 21
14 2 22
13 2 23
14 2 23
15 2 22
15 2 23
7 2 29
6 2 29
11 2 27
11 2 26
11 2 25
16 2 24
11 2 24
5 2 26
5 2 25
5 2 24
4 2 24
5 2 31
4 2 31
6 2 31
6 2 30
5 2 30
4 2 30
5 2 29
4 2 29
8 2 29
10 2 28
10 2 27
13 2 26
14 2 25
13 2 25
15 2 25
15 2 24
14 2 24
13 2 24
10 2 26
10 2 25
10 2 24
8 2 25
7 2 25
8 2 26
7 2 26
6 2 26
6 2 25
8 2 24
7 2 24
6 2 24
16 2 29
16 2 27
16 2 26
16 2 25
11 2 28
11 2 29
16 2 31
16 2 30
15 2 29
14 2 29
15 2 30
14 2 30
13 2 30
15 2 27
14 2 27
15 2 26
14 2 26
13 2 27
13 2 29
11 2 30
10 2 30
10 2 29
8 2 30
7 2 30
8 7 20
3 7 20
4 7 20
5 7 20
10 9 17
9 9 17
9 9 18
11 9 17
12 9 18
12 9 17
14 9 18
15 9 18
13 9 18
5 6 36
5 6 35
13 5 19
14 5 19
15 5 19
16 5 18
16 5 19
17 5 18
17 5 19
18 5 19
15 5 18
14 5 18
11 5 19
13 5 18
17 5 17
15 5 17
13 5 17
14 5 17
16 5 17
11 5 18
10 5 19
10 5 18
10 5 17
8 5 17
11 5 17
7 5 17
6 5 17
7 5 18
5 5 18
4 5 17
8 5 18
5 5 17
6 5 18
4 5 18
8 5 19
7 5 19
6 5 19
3 5 19
4 5 19
5 5 19
4 8 36
4 8 35
4 8 34
4 8 33
4 8 32
4 6 33
4 5 34
4 7 32
4 7 33
4 6 35
4 8 31
4 7 31
4 6 32
4 6 31
4 3 31
4 4 33
4 5 31
4 4 31
4 4 30
3 2 23
4 3 30
3 3 29
0 9 22
1 9 22
0 9 21
1 9 21
2 9 21
0 10 22
1 10 21
1 10 22
2 10 22
2 10 21
2 9 20
1 7 30
1 7 29
1 7 28
1 6 30
1 6 28
1 6 29
2 8 20
2 8 21
2 8 22
2 9 23
2 9 24
2 9 22
2 9 25
2 8 26
2 8 25
2 8 24
2 8 23
2 9 26
2 9 27
2 8 27
2 8 28
2 8 30
2 8 29
2 7 29
1 7 25
1 7 24
1 7 23
2 7 23
2 7 22
1 7 27
1 7 26
2 7 28
1 6 26
1 6 27
1 7 22
1 7 21
1 7 20
1 7 19
1 7 18
2 7 17
2 7 20
2 7 21
1 6 25
1 6 24
1 6 23
1 6 22
1 6 21
1 6 20
1 6 18
1 6 19
1 5 25
1 5 24
1 5 23
1 5 26
1 5 27
1 5 28
1 5 29
1 5 18
1 5 19
1 5 20
1 5 21
1 5 22
1 4 28
1 4 27
1 4 26
1 4 25
1 4 24
1 4 23
1 4 22
1 4 21
1 4 20
1 4 19
1 4 18
2 4 21
2 4 20
2 4 19
1 3 24
2 9 28
2 9 30
2 9 29
2 4 30
2 6 31
3 7 21
3 7 22
3 6 22
3 5 23
3 5 22
3 4 23
3 6 21
3 8 28
3 8 26
3 8 25
3 8 24
3 7 23
3 8 23
3 8 21
3 8 22
3 8 27
3 7 28
3 7 27
3 7 29
3 7 26
3 7 25
3 8 29
3 7 24
3 6 23
3 5 24
3 6 24
3 6 25
3 6 26
3 6 27
3 6 28
3 5 21
3 5 25
3 5 26
3 5 28
3 5 27
3 4 21
3 4 20
3 5 20
3 4 19
3 4 22
3 4 25
3 4 24
3 4 26
3 4 27
3 2 2
3 3 3
3 2 3
4 2 2
2 2 4
15 3 48
15 4 48
14 4 49
14 3 48
13 3 48
12 3 48
11 3 48
8 3 48
9 3 48
10 3 48
7 3 48
20 7 40
20 7 41
20 7 42
19 7 43
5 3 46
6 3 46
5 3 45
7 3 45
6 3 45
7 2 45
5 2 46
6 2 45
11 3 46
12 3 46
7 3 46
8 3 46
9 3 46
10 3 46
7 2 46
8 2 46
9 2 46
13 3 46
14 3 46
12 2 46
11 2 46
14 2 46
13 2 46
10 2 46
11 3 45
12 3 45
9 3 45
8 3 45
10 3 45
7 3 44
8 3 44
12 3 44
11 3 44
14 3 44
13 3 44
14 3 45
13 3 45
10 3 44
9 3 44
7 2 44
9 2 44
8 2 44
12 2 44
11 2 44
14 2 44
13 2 44
10 2 44
5 3 48
5 3 47
5 4 48
5 4 46
5 4 47
6 3 48
6 3 47
6 4 48
6 4 46
6 4 47
15 3 45
16 3 45
10 5 48
9 5 48
12 5 48
11 5 48
12 4 48
12 3 49
9 4 48
9 3 49
10 3 49
11 3 49
10 4 48
11 4 48
13 4 0
13 4 1
14 4 1
1 5 8
6 2 2
6 3 2
6 4 1
6 4 2
1 2 8
2 2 8
3 2 8
4 1 8
5 1 8
5 3 7
4 3 7
5 2 7
3 3 7
4 2 7
2 2 7
3 2 7
2 3 7
1 3 8
2 3 8
1 4 8
2 4 8
5 4 7
4 4 8
3 4 8
4 4 7
2 5 8
5 5 8
4 5 8
3 5 8
5 4 8
5 6 8
4 6 8
14 2 45
15 3 46
4 1 4
5 1 5
2 1 4
3 1 4
3 1 3
5 1 2
5 1 3
4 1 2
5 1 4
4 1 3
6 1 4
6 1 3
6 1 1
6 1 2
5 1 1
7 1 2
7 1 1
8 1 1
8 1 0
9 1 0
10 1 3
9 1 3
10 1 2
8 1 3
9 1 2
7 1 3
8 1 2
9 1 1
15 1 3
15 1 2
16 1 2
15 1 1
14 1 1
14 1 2
13 1 0
13 1 1
12 1 0
11 1 2
12 1 2
12 1 3
13 1 3
12 1 1
13 1 2
14 1 3
11 1 3
11 1 1
11 1 0
10 1 1
10 1 0
15 1 4
16 1 3
16 1 5
18 1 3
17 1 4
17 1 2
17 1 3
19 1 4
18 1 4
18 1 7
19 1 6
19 1 7
18 1 8
16 1 8
17 1 7
17 1 8
19 1 8
20 1 7
20 1 8
17 1 5
16 1 6
18 1 6
17 1 6
16 1 7
19 1 5
18 1 5
15 2 2
15 3 2
15 4 1
15 4 2
7 4 1
8 4 1
9 4 1
10 4 0
10 4 1
12 4 1
11 4 1
11 4 0
7 2 2
8 2 2
9 2 2
10 2 2
11 2 2
13 2 2
14 2 2
6 2 1
7 2 1
8 2 1
9 2 1
12 2 2
15 2 1
14 2 1
13 2 1
11 2 1
10 2 1
12 2 1
7 6 2
5 6 3
6 6 2
15 2 45
16 2 46
8 5 2
7 5 2
9 6 1
9 5 1
10 6 1
10 5 1
11 6 1
12 6 1
12 5 1
11 5 1
13 5 2
14 6 2
14 5 2
8 5 1
7 5 1
6 5 1
5 5 1
5 5 2
6 5 2
16 3 46
2 2 5
2 2 6
1 2 7
1 3 7
1 4 7
1 5 7
2 5 6
2 4 6
2 5 5
2 4 5
2 4 4
2 3 4
2 3 6
2 3 5
6 3 1
5 2 2
9 4 0
9 5 2
7 3 1
12 4 0
11 5 0
12 5 0
10 5 0
14 5 1
15 5 1
13 5 1
5 2 1
3 5 3
2 4 3
2 5 4
2 6 4
4 6 3
3 6 3
4 5 3
4 5 2
16 6 3
16 5 2
16 5 1
15 5 2
15 3 1
16 2 1
17 2 2
20 2 8
20 2 7
19 2 6
19 2 7
19 2 5
19 2 4
20 3 7
19 3 7
18 3 3
19 4 3
18 2 2
18 5 3
19 4 4
19 3 4
18 2 3
19 4 6
19 3 6
20 4 7
19 4 5
20 4 8
20 5 7
20 5 8
19 5 6
19 5 5
19 5 7
19 5 4
19 6 4
11 5 2
12 5 2
14 3 1
19 3 5
16 2 2
17 2 3
17 6 3
18 5 4
17 5 3
17 5 2
16 5 3
3 3 4
4 3 3
3 2 4
3 5 4
3 4 4
5 5 3
5 4 3
4 3 4
5 2 3
4 2 3
5 3 3
5 3 2
7 3 2
14 3 2
3 1 2
2 1 5
1 2 6
1 1 7
2 1 6
1 1 8
12 2 45
11 2 45
13 2 45
10 2 45
9 2 45
8 2 45
16 3 48
16 4 48
10 3 1
9 3 1
8 3 1
12 3 1
13 3 1
11 3 1
16 4 47
15 3 47
16 3 47
4 3 2
9 2 0
10 2 0
12 2 0
11 2 0
13 2 0
16 1 1
18 1 2
8 2 0
16 2 3
16 3 3
17 3 3
18 2 4
16 4 3
18 3 4
18 4 4
17 3 4
16 3 2
16 4 46
15 4 47
15 4 46
17 3 2
14 5 48
13 5 48
14 4 48
13 4 48
7 4 47
7 3 47
7 4 48
7 2 47
7 2 48
4 4 47
4 2 47
5 2 47
4 3 47
6 2 47
4 3 45
4 2 46
4 2 45
3 3 44
3 2 44
3 2 43
2 2 43
2 2 42
2 1 42
3 1 43
3 1 44
3 1 45
3 2 45
2 3 42
3 3 43
16 2 47
15 2 48
14 2 48
15 2 47
13 2 48
14 2 47
13 2 47
12 2 47
14 3 47
11 2 48
11 2 47
12 2 48
8 2 48
9 2 47
9 2 48
10 2 47
10 2 48
8 2 47
6 2 48
5 2 48
17 3 45
18 3 44
18 3 43
19 3 42
19 2 42
18 2 43
19 1 42
17 2 46
18 2 45
18 1 45
18 2 44
18 1 44
19 2 43
18 1 43
17 2 45
17 2 47
1 4 41
2 4 41
1 4 42
2 4 42
2 5 41
1 3 42
1 2 42
3 3 47
3 4 47
2 3 44
2 3 43
2 3 45
2 2 45
3 2 46
2 2 44
14 4 47
17 3 47
17 4 47
18 3 47
18 4 47
19 2 45
18 2 46
19 2 44
19 3 44
19 3 45
19 3 43
2 4 44
2 4 45
2 3 46
2 4 47
3 2 47
2 2 46
3 4 48
3 5 47
3 5 48
3 6 47
3 6 48
20 6 7
1 6 7
2 1 8
3 1 8
3 1 7
4 1 7
2 1 7
5 1 7
4 1 6
5 1 6
3 1 6
3 1 5
4 1 5
6 4 49
7 4 49
4 4 48
4 5 48
5 5 48
5 5 49
6 5 49
7 5 49
6 6 49
5 6 48
4 6 48
6 6 48
8 5 49
9 5 49
10 5 49
11 5 49
7 6 49
9 6 49
8 6 49
11 6 49
10 6 49
12 6 49
12 5 49
14 6 49
13 6 49
13 5 49
14 5 49
15 5 49
15 6 49
15 6 48
16 6 48
17 6 48
17 5 48
16 5 49
15 4 49
16 5 48
17 4 48
7 3 49
1 4 43
1 4 44
1 5 42
1 5 41
1 5 43
1 6 41
1 3 43
1 6 40
1 7 40
1 6 42
1 6 43
1 7 41
2 4 46
19 2 8
18 2 8
16 6 8
16 5 8
17 6 8
17 5 8
18 5 8
19 5 8
16 4 7
17 4 8
16 4 8
18 4 8
19 4 8
16 3 7
17 3 7
18 3 7
17 4 7
19 3 8
20 3 8
16 2 7
17 2 7
18 2 7
1 3 44
1 2 43
10 5 2
8 3 49
8 4 48
8 5 48
7 5 48
2 3 47
7 6 48
2 6 44
2 6 45
2 6 46
3 6 46
1 7 42
2 7 43
2 7 44
2 6 43
1 6 44
2 5 45
2 5 46
1 5 44
2 5 44
19 3 46
19 2 46
19 4 47
18 2 47
18 4 48
18 5 47
18 5 48
18 6 47
18 6 48
19 4 45
19 4 46
20 4 44
20 3 44
20 3 43
18 4 46
19 4 44
19 3 47
20 2 43
20 3 42
20 4 42
20 6 41
20 5 42
20 5 43
20 6 42
20 6 43
20 2 42
13 3 49
20 4 43
12 6 48
13 6 48
14 6 48
19 6 43
19 6 44
19 7 44
19 6 45
19 6 46
4 3 48
2 1 43
3 2 48
4 2 48
8 2 49
9 2 49
11 2 49
10 2 49
14 2 49
13 2 49
12 2 49
16 2 48
17 2 48
19 1 43
18 2 48
7 2 49
17 3 48
19 7 42
9 6 48
8 6 48
10 6 48
11 6 48
18 6 46
19 7 40
2 7 40
9 5 0
19 5 45
19 5 44
19 5 46
20 6 44
17 6 47
15 6 2
4 6 47
16 6 2
8 3 2
9 3 2
10 3 2
11 3 2
13 3 2
12 3 2
3 4 46
2 6 40
3 3 46
19 4 42
18 3 46
2 3 14
2 3 13
2 4 14
2 4 13
2 5 13
3 5 13
3 4 13
3 3 14
3 4 14
2 2 14
2 2 13
3 2 14
3 2 13
3 3 13
1 3 36
1 2 36
1 4 36
1 5 36
2 5 36
2 4 36
2 3 36
2 2 36
2 3 35
1 3 35
19 5 13
19 4 14
19 4 13
19 3 14
19 3 13
19 2 14
19 2 13
18 5 13
18 4 14
18 3 14
18 2 14
18 2 13
18 3 13
18 4 13
3 7 44
3 8 45
4 8 46
5 9 43
1 8 35
2 8 34
2 8 32
2 8 33
1 7 32
1 5 31
1 6 33
1 5 33
1 5 32
1 7 35
1 7 34
1 6 34
5 13 24
5 13 28
5 13 29
5 13 30
5 13 31
5 13 27
5 13 26
5 13 25
16 13 24
16 13 25
16 13 26
16 13 28
16 13 27
16 13 30
16 13 29
16 13 32
16 13 31
1 8 34
18 8 45
18 7 45
18 7 44
18 7 46
16 7 47
17 7 47
17 7 46
18 6 45
17 8 46
5 13 32
3 7 45
3 7 46
4 7 47
4 7 46
5 7 47
3 6 45
7 5 3
6 5 3
19 6 17
18 6 8
18 7 9
19 7 15
19 7 14
19 7 16
18 8 17
18 8 18
18 8 16
4 7 9
3 7 9
3 6 8
2 7 14
2 7 15
2 7 16
3 2 25
10 2 33
3 2 24
3 8 18
3 8 17
3 8 16
19 7 41
13 4 3
14 4 3
13 3 3
14 3 3
13 2 4
14 2 4
12 2 4
12 3 3
11 2 4
12 2 3
10 2 4
11 2 3
12 4 3
10 4 3
11 4 3
10 3 3
11 3 3
10 2 3
18 6 44
17 6 45
17 6 46
16 6 47
15 6 47
16 7 14
16 5 14
16 5 13
16 4 14
16 4 13
16 3 13
16 3 14
16 3 15
19 5 16
18 5 16
12 3 13
13 3 13
12 2 14
15 3 13
15 2 14
13 2 14
10 3 13
11 3 13
10 2 14
11 2 14
14 3 13
14 2 14
10 2 15
11 2 15
16 2 15
15 2 15
16 2 14
13 2 15
14 2 15
14 1 4
14 1 5
13 1 4
15 1 6
14 1 6
13 1 6
13 1 5
12 1 4
12 1 5
15 1 5
11 1 4
10 1 4
12 1 7
13 1 7
12 1 6
15 1 7
10 1 8
10 1 7
11 1 8
11 1 7
10 1 6
11 1 6
10 1 5
11 1 5
14 1 7
3 1 32
4 2 33
3 2 31
3 2 30
5 2 33
6 2 33
3 2 27
3 2 28
3 2 26
7 2 33
8 2 33
9 2 33
3 2 29
16 3 9
15 3 9
16 2 9
15 2 9
16 2 8
13 3 9
12 3 9
13 2 9
12 2 9
13 2 8
15 2 8
14 3 9
11 3 9
10 3 9
14 2 9
14 2 8
12 1 8
13 1 8
12 2 8
15 1 8
10 2 8
11 2 8
14 1 8
10 2 9
11 2 9
12 3 10
15 3 10
13 3 10
13 3 11
12 3 11
12 3 12
10 3 10
11 3 10
10 3 11
11 3 11
14 3 10
14 3 11
10 3 12
11 3 12
5 1 33
4 1 33
6 1 33
8 1 33
7 1 33
17 5 45
17 5 46
17 4 45
17 4 46
16 5 46
6 6 47
7 6 47
8 6 47
9 6 47
10 6 47
11 6 47
14 6 47
13 6 47
12 6 47
15 5 46
14 4 46
15 5 47
14 5 46
14 5 47
13 5 46
13 4 46
12 4 46
11 5 47
12 5 47
11 4 46
13 5 47
7 5 47
8 5 46
8 5 47
9 4 46
9 5 47
10 4 46
10 5 47
8 4 46
7 5 46
6 5 47
6 5 46
7 4 46
5 5 46
18 2 23
18 2 24
18 2 25
18 2 26
7 2 4
7 3 3
7 4 3
8 2 4
8 4 3
8 3 3
9 2 4
9 3 3
9 4 3
5 6 47
5 3 14
5 4 14
5 3 13
5 3 15
5 7 14
5 5 13
5 5 14
5 4 13
2 5 16
3 5 16
7 4 2
8 4 2
9 4 2
10 4 2
14 4 2
13 4 2
12 4 2
11 4 2
6 4 3
7 2 3
6 3 3
15 4 3
15 3 3
14 2 3
5 2 15
5 2 14
6 2 15
6 2 14
8 2 15
8 2 14
7 2 14
7 2 15
9 3 13
9 2 14
8 3 13
6 3 13
7 3 13
6 1 7
7 1 6
7 1 5
8 1 6
8 1 7
9 1 7
7 1 7
6 1 6
6 1 5
9 1 4
9 1 5
8 1 4
9 1 6
8 1 5
7 1 4
2 7 42
2 7 41
14 1 33
13 1 33
12 1 33
14 1 34
10 1 33
9 1 33
16 1 33
15 1 33
11 1 33
16 1 34
15 1 34
7 1 34
8 1 34
9 1 34
10 1 34
12 1 34
13 1 34
5 1 34
6 1 34
11 1 34
13 1 37
12 1 37
13 1 38
12 1 38
10 1 37
9 1 37
10 1 38
8 1 37
11 1 37
11 1 38
8 1 38
9 1 38
12 1 43
12 1 44
11 1 43
11 1 44
10 1 43
10 1 44
9 1 43
9 1 44
9 1 39
10 1 39
8 2 38
11 1 39
12 1 39
13 2 38
12 2 38
11 2 38
10 2 38
9 2 38
8 2 43
9 2 42
8 2 41
8 2 40
9 2 41
9 2 39
9 1 41
9 1 42
8 2 42
9 2 43
8 2 39
9 2 40
9 1 40
10 1 42
10 1 41
10 1 40
11 1 41
11 1 42
12 1 40
12 1 41
11 1 40
12 1 42
12 2 43
13 2 40
13 2 41
12 2 40
13 2 43
12 2 41
13 2 39
12 2 39
13 2 42
12 2 42
9 2 37
9 2 36
9 2 35
9 1 35
10 1 35
9 1 36
10 1 36
10 1 32
11 1 36
11 1 35
14 1 16
13 1 16
12 1 16
11 1 16
10 1 16
9 1 16
8 1 16
7 1 16
6 1 16
14 2 10
14 2 11
14 2 12
14 2 13
6 2 13
6 2 12
6 2 11
6 2 10
6 2 9
6 2 8
16 4 4
15 3 4
16 4 5
15 2 3
15 3 5
16 4 6
15 2 6
16 3 6
15 2 5
15 2 4
16 2 5
17 2 5
16 3 5
18 4 5
17 4 5
17 3 5
16 3 4
16 2 4
17 2 4
17 4 4
17 4 11
17 5 11
17 6 11
18 6 11
18 5 11
18 4 11
18 6 12
18 5 12
18 4 12
17 6 12
17 5 12
17 4 12
14 5 3
15 5 3
16 5 38
16 4 38
17 3 38
16 3 37
16 4 37
16 3 38
17 5 37
17 5 38
17 4 37
17 4 38
17 3 37
14 2 42
15 2 43
15 2 44
15 1 42
15 2 42
16 2 44
16 2 43
12 1 26
12 1 27
12 1 28
12 1 29
12 1 30
12 1 31
12 1 32
11 1 26
11 1 27
11 1 28
12 1 25
11 1 25
10 1 31
11 1 32
10 1 30
11 1 31
10 1 29
11 1 30
10 1 28
11 1 29
10 1 27
10 1 26
10 1 25
10 2 13
10 2 12
11 2 13
10 2 11
11 2 12
10 2 10
11 2 11
11 2 10
12 2 12
12 2 11
12 2 13
13 2 13
13 2 10
13 2 12
13 2 11
12 2 10
14 2 35
15 2 35
17 5 4
17 3 12
17 2 12
18 2 12
18 3 12
15 5 13
16 5 12
14 5 13
13 5 13
15 5 12
13 5 11
14 5 11
13 5 10
15 5 11
14 5 10
16 5 11
16 4 11
17 2 11
18 2 11
15 2 11
16 2 12
15 2 12
15 2 13
16 2 13
16 2 11
17 3 13
15 2 40
16 1 41
15 1 40
16 2 36
17 2 37
18 2 38
14 2 37
15 2 37
16 2 37
18 3 38
17 2 38
18 3 37
18 2 37
16 2 39
16 2 38
14 2 40
17 7 9
14 1 35
14 1 36
14 1 37
6 2 6
6 2 5
5 3 6
5 3 5
5 4 6
6 2 4
6 2 3
5 4 4
5 4 5
6 3 4
3 4 5
4 3 5
4 4 5
4 2 5
5 2 5
5 3 4
4 4 4
4 2 4
5 2 4
3 4 11
3 5 11
3 6 11
4 4 11
4 6 11
4 5 11
4 6 12
4 5 12
4 4 12
3 6 12
3 5 12
3 4 12
5 5 38
5 3 37
5 4 37
5 3 38
5 4 38
4 3 38
5 6 38
4 4 38
4 5 38
4 6 38
4 4 37
4 6 37
4 5 37
4 3 37
6 2 44
6 2 42
6 2 43
6 1 42
5 2 44
9 1 32
9 1 31
9 1 30
9 1 29
9 1 28
9 1 27
9 1 26
9 1 25
7 2 13
7 2 12
7 2 11
7 2 10
7 2 9
8 2 12
8 2 11
8 2 13
9 2 13
9 2 8
9 2 10
9 2 9
8 2 8
9 2 12
9 2 11
8 2 10
8 2 9
7 2 8
7 2 35
7 2 34
6 1 32
7 1 32
6 1 31
4 2 12
4 3 12
3 2 12
3 3 12
8 5 13
7 5 13
6 5 12
6 5 13
5 5 12
8 5 10
7 5 11
7 5 10
6 5 11
5 5 11
8 5 11
5 4 11
3 2 11
4 2 11
5 2 12
5 2 13
5 2 11
4 3 13
6 1 40
6 2 40
5 1 41
5 2 41
4 1 40
3 1 40
3 2 40
4 2 40
6 2 35
5 2 36
4 2 36
4 2 37
3 2 38
5 2 37
6 2 37
7 2 37
4 2 38
3 3 38
3 3 37
3 2 37
5 2 38
4 2 39
5 2 39
5 2 40
8 2 36
7 2 38
8 2 37
7 2 40
6 2 41
7 2 41
7 1 37
7 1 35
7 1 36
19 4 33
19 6 34
18 6 34
20 6 34
20 7 35
18 7 35
5 6 40
4 7 39
3 7 39
2 7 38
3 7 38
1 7 38
4 7 38
1 7 37
2 7 37
1 7 36
3 7 37
2 7 36
3 7 36
3 7 35
2 6 35
3 6 35
1 6 35
1 7 39
2 7 39
1 5 34
2 6 34
3 6 34
3 5 34
2 5 34
2 4 34
1 4 34
3 4 34
5 4 34
4 4 34
5 4 33
3 4 33
2 4 33
4 3 33
5 3 33
3 3 33
2 3 33
5 3 42
4 3 42
6 3 42
3 3 42
3 4 42
5 4 42
6 4 42
4 4 42
6 4 41
3 4 41
4 4 41
5 4 41
3 5 41
4 5 41
5 5 41
4 6 41
2 6 41
3 6 41
3 6 40
4 6 40
16 9 43
17 10 40
17 9 41
17 9 40
17 10 39
17 9 42
3 9 38
3 9 39
4 9 39
4 9 41
4 9 40
4 9 43
4 9 42
4 8 44
2 9 35
2 9 36
3 9 37
2 9 34
2 9 32
2 9 33
3 9 41
3 9 40
2 9 38
2 9 39
3 8 43
4 8 42
3 8 42
3 8 41
2 8 40
2 8 39
2 8 38
2 8 37
2 9 37
2 8 35
2 8 36
1 8 37
1 8 36
1 8 38
17 13 26
17 13 27
18 11 21
17 11 37
14 13 25
15 13 25
15 13 24
14 13 24
15 13 26
14 13 26
13 13 26
12 13 26
12 13 25
11 13 26
10 13 26
10 13 28
11 13 27
10 13 27
12 13 28
12 13 27
11 13 28
13 13 27
14 13 28
14 13 27
13 13 28
15 13 27
15 13 28
14 13 30
15 13 29
14 13 29
15 13 30
12 13 29
12 13 30
13 13 29
10 13 29
10 13 30
11 13 29
13 13 30
11 13 30
10 13 31
10 13 33
10 13 32
9 13 33
9 13 32
11 13 31
11 13 32
12 13 31
12 13 33
12 13 32
11 13 33
13 13 31
13 13 32
14 13 31
14 13 33
14 13 32
13 13 33
15 13 31
15 13 32
15 13 33
10 13 34
17 13 25
6 13 28
6 13 27
6 13 30
6 13 29
6 13 31
6 13 32
6 13 25
7 13 24
6 13 24
6 13 26
7 13 25
7 13 26
9 13 24
8 13 24
8 13 25
9 13 25
8 13 26
9 13 26
8 13 27
7 13 27
7 13 28
9 13 28
9 13 27
8 13 28
8 13 31
9 13 31
9 13 30
7 13 33
7 13 32
8 13 33
8 13 32
9 13 29
10 13 25
11 13 24
12 13 24
11 13 25
13 13 25
13 13 24
4 13 26
4 13 28
4 11 37
4 10 39
4 10 40
4 13 25
20 8 38
20 8 40
20 8 41
20 8 39
20 8 37
20 8 36
20 8 35
19 8 34
19 8 35
19 8 33
19 8 32
19 9 35
19 9 34
19 9 32
19 9 33
18 9 37
18 9 38
18 9 39
17 9 39
20 7 32
20 5 31
20 5 32
20 8 33
20 8 34
20 6 32
20 5 33
20 6 33
20 7 34
14 10 43
15 9 43
15 10 43
9 10 44
10 10 44
11 10 44
7 10 43
6 9 43
6 10 43
19 7 34
19 7 33
20 7 33
12 10 44
4 5 4
19 8 43
19 8 42
19 9 39
19 9 38
19 9 37
19 8 37
19 8 39
19 8 38
19 9 36
19 8 36
19 8 40
19 8 41
17 8 44
2 6 33
1 6 32
1 8 33
1 7 33
2 7 34
2 7 33
1 8 39
1 8 40
1 8 41
2 8 42
2 8 41
3 8 15
3 8 14
18 8 14
18 8 15
19 6 16
2 7 32
18 5 5
18 5 6
2 8 43
4 8 43
3 8 44
4 8 45
8 13 29
7 13 30
8 13 30
7 13 29
7 13 31
6 13 33
3 11 21
19 7 35
19 5 32
19 6 33
19 7 32
19 6 32
6 7 9
15 7 9
10 8 13
11 8 13
4 8 16
18 4 42
18 3 42
17 3 42
16 3 42
15 3 42
16 2 42
17 2 42
15 4 42
16 4 42
15 4 41
17 4 42
17 6 41
18 6 41
19 6 41
2 6 16
3 5 5
3 5 6
17 8 16
8 6 13
8 6 12
7 6 13
8 6 11
8 6 10
8 6 9
7 6 12
8 6 8
8 6 7
8 6 6
8 5 5
7 6 10
7 6 11
9 6 6
9 6 7
10 6 7
9 6 8
9 6 9
10 6 9
10 6 8
11 6 8
11 6 9
9 6 10
9 6 11
9 6 13
9 6 12
10 6 12
10 6 13
11 6 13
10 6 10
10 6 11
11 6 12
11 6 11
11 6 10
12 6 10
12 6 11
13 6 10
12 6 12
12 6 13
13 6 13
13 6 12
13 6 11
14 6 12
14 6 13
13 6 9
12 6 9
14 6 10
12 5 5
13 6 6
11 5 5
12 6 6
13 6 7
10 5 5
11 6 6
12 6 7
13 6 8
9 5 5
10 6 6
11 6 7
12 6 8
14 6 11
13 6 5
14 6 6
14 6 7
14 7 9
15 7 10
14 7 12
15 7 12
14 7 11
15 7 11
14 7 10
14 6 8
14 6 9
14 7 13
11 7 13
9 7 13
12 7 13
13 7 13
10 7 13
7 7 13
8 7 13
6 7 12
7 6 7
7 6 8
7 7 9
6 7 10
7 7 10
6 7 11
7 7 11
7 6 9
7 6 6
8 6 5
2 7 35
2 5 32
2 6 32
16 6 12
5 6 12
17 1 33
17 3 44
19 6 42
18 7 43
19 5 42
18 4 43
17 5 6
16 5 6
16 5 5
16 5 4
18 5 7
17 7 14
18 7 14
18 6 15
16 5 7
16 3 8
16 5 9
16 5 10
16 4 9
16 4 10
17 3 43
17 2 43
15 2 34
13 2 34
12 2 33
12 2 34
14 2 33
14 2 34
13 2 33
11 2 33
10 2 36
11 2 37
10 2 37
12 2 37
11 2 39
10 2 39
14 2 39
15 2 41
14 2 41
11 2 40
11 2 41
11 2 42
15 2 39
12 2 36
13 2 37
13 2 36
15 2 36
11 2 36
14 2 38
15 2 38
14 2 36
13 2 35
12 2 35
11 2 34
10 2 34
11 2 35
10 2 35
6 2 39
6 2 38
7 2 39
10 2 41
10 2 42
7 2 42
5 2 42
6 2 36
10 2 40
7 2 36
6 2 34
5 2 34
5 2 35
8 2 35
9 2 34
8 2 34
17 5 5
16 3 12
16 3 11
16 4 12
16 3 10
16 6 11
16 2 6
13 2 3
17 9 43
17 8 45
18 9 41
18 8 41
18 8 42
18 9 40
17 8 42
18 8 43
17 8 43
18 8 44
15 3 12
13 3 12
15 3 11
14 3 12
17 2 33
16 2 33
15 2 33
18 2 27
18 2 30
18 2 31
18 1 32
18 2 29
19 2 28
18 2 28
16 3 44
11 2 43
14 2 43
18 4 44
18 5 43
19 5 43
18 5 44
18 6 43
4 3 44
3 6 44
3 7 43
2 6 42
2 5 42
3 4 43
5 6 7
4 5 6
5 5 6
5 5 5
5 5 4
3 5 7
6 1 8
8 1 8
9 1 8
7 1 8
4 5 46
4 4 46
4 5 45
4 4 45
4 6 46
4 7 14
3 7 14
3 6 15
5 5 7
5 3 8
5 5 9
5 5 10
5 4 9
5 4 10
5 3 9
5 2 43
4 2 42
4 3 43
4 2 43
7 2 43
4 6 45
4 5 5
5 6 11
5 3 12
5 4 12
5 3 11
5 3 10
5 2 8
5 2 9
5 2 6
9 2 3
8 2 3
6 3 12
6 3 11
6 3 10
8 3 12
8 3 11
9 3 12
7 3 12
7 3 11
9 3 9
8 3 9
6 3 9
7 3 9
9 3 11
8 3 10
9 3 10
7 3 10
5 3 44
10 2 43
2 5 43
3 4 44
3 5 44
3 6 43
3 5 43
5 3 41
5 5 42
5 6 41
5 6 42
5 5 43
5 3 40
5 6 39
5 4 39
5 4 40
5 5 40
5 5 39
5 3 39
5 3 34
5 4 35
5 4 36
5 3 35
5 3 36
16 6 41
16 5 42
16 6 42
16 5 43
16 5 39
16 4 39
16 3 39
16 4 36
16 3 36
16 4 33
16 3 33
17 3 33
18 4 33
18 3 33
19 3 33
8 3 33
8 3 34
5 1 39
5 1 40
4 1 39
12 1 36
12 1 35
13 3 33
13 3 34
3 3 11
5 1 32
5 1 31
16 1 31
16 1 32
15 1 32
15 1 31
14 1 32
18 3 11
1 4 38
1 5 38
1 6 38
1 4 39
1 5 39
1 5 40
1 3 38
2 2 37
1 2 37
2 3 37
1 3 37
2 2 38
1 2 38
2 3 39
2 4 37
1 4 37
2 5 38
2 4 38
2 4 39
3 2 34
4 2 34
1 3 34
2 2 34
1 2 34
4 1 35
5 1 35
4 3 34
3 3 34
2 3 34
3 2 41
4 3 41
3 3 41
1 2 41
2 2 41
2 3 41
1 3 41
4 2 41
3 0 38
4 0 38
1 0 37
2 0 37
2 0 38
1 0 38
4 0 39
5 0 38
5 0 39
4 0 37
3 0 37
3 0 36
4 0 36
1 0 36
2 0 36
1 1 36
5 0 36
5 0 37
1 6 36
2 6 36
4 5 35
4 6 36
3 6 36
1 5 35
2 5 35
3 5 35
5 1 38
5 1 37
5 1 36
1 2 35
1 4 35
1 1 35
1 1 37
1 1 38
1 0 39
1 1 39
1 1 40
1 2 40
1 3 40
1 4 40
1 6 39
1 6 37
1 3 39
1 2 39
1 5 37
3 1 35
2 1 35
2 2 35
3 2 35
3 0 39
2 0 39
2 0 40
1 0 40
2 1 40
3 0 40
4 5 40
3 5 40
2 5 40
2 3 40
2 3 38
2 4 40
2 5 39
2 5 37
2 4 35
2 1 38
2 1 37
2 2 39
4 4 35
4 6 39
3 6 39
2 6 39
4 5 39
4 4 40
4 3 40
4 1 38
4 1 37
4 1 36
4 2 35
4 3 35
3 4 35
3 3 35
3 2 36
2 1 36
3 5 36
3 1 36
3 1 37
3 6 37
2 6 37
3 1 38
3 6 38
2 6 38
3 1 39
2 1 39
3 5 39
3 2 39
2 2 40
3 4 40
3 3 40
4 5 36
2 4 12
2 5 12
1 4 12
1 5 12
1 6 12
2 6 12
1 4 13
1 5 13
1 5 14
2 5 14
1 3 12
2 3 12
2 2 11
2 3 11
2 2 12
2 4 11
4 2 8
4 1 9
4 3 8
3 3 8
2 2 15
3 2 15
4 3 15
3 3 15
2 3 15
1 3 15
1 2 15
4 2 15
2 0 11
3 0 12
2 0 12
4 0 12
4 0 13
1 0 12
1 0 11
4 0 11
3 0 11
2 0 10
3 0 10
4 0 10
1 1 10
3 4 15
4 5 9
1 2 9
1 3 9
1 4 9
1 1 9
1 1 11
1 1 13
1 0 13
1 1 12
1 1 14
1 2 14
1 3 14
1 4 14
1 6 13
1 6 11
1 5 9
1 5 10
1 3 10
1 3 11
1 3 13
1 2 13
1 4 11
1 5 11
2 1 12
2 4 10
4 1 14
4 3 14
4 4 14
4 2 14
4 1 13
4 1 12
4 1 11
4 1 10
4 2 10
4 3 9
4 4 9
4 2 9
4 6 13
4 5 14
2 1 9
3 1 9
2 6 11
2 5 11
2 5 10
2 4 9
2 3 9
2 2 10
2 1 10
2 2 9
2 1 11
2 1 13
3 0 13
2 0 13
3 1 14
2 1 14
1 2 10
1 2 11
1 2 12
4 1 15
3 1 15
2 1 15
1 4 10
2 3 10
2 5 9
3 5 9
4 5 13
4 2 13
3 4 9
3 3 9
3 2 9
3 5 10
3 2 10
3 1 10
3 1 11
3 1 12
3 1 13
3 5 14
4 5 10
19 9 21
19 9 20
20 9 21
20 10 21
21 9 21
21 9 22
20 9 22
20 10 22
19 10 21
20 7 29
20 7 28
20 7 30
19 8 20
19 8 21
19 8 23
19 8 24
19 8 22
19 8 25
19 8 26
19 9 24
19 9 23
19 9 26
19 9 25
19 8 28
19 8 27
19 8 30
19 8 29
19 9 30
19 7 27
19 7 25
19 7 26
20 7 25
20 7 26
20 7 27
19 7 28
19 7 29
20 7 24
20 7 23
20 7 22
20 7 21
20 7 20
20 7 19
20 7 18
19 7 22
19 7 21
19 7 23
19 7 20
19 7 24
20 6 29
20 6 28
20 6 30
20 6 27
20 6 26
20 6 25
20 6 20
20 6 21
20 6 23
20 6 24
20 6 22
20 5 25
20 5 24
20 5 23
20 6 19
20 6 18
20 5 22
20 5 21
20 5 20
20 5 19
20 5 18
20 4 24
20 4 23
20 4 18
20 4 19
20 4 20
20 4 21
20 4 22
19 4 21
19 4 19
19 4 20
19 4 23
19 4 22
20 4 25
20 4 26
20 4 28
20 4 29
20 4 27
20 5 26
20 5 27
20 5 28
20 5 29
19 6 31
18 4 23
18 5 22
18 6 22
18 5 23
18 7 21
18 7 22
18 4 22
18 5 21
18 4 21
18 4 27
18 4 26
18 5 27
18 5 25
18 5 24
18 4 24
18 4 25
18 5 28
18 5 26
18 4 20
18 4 19
18 5 20
18 6 21
18 6 23
18 7 28
18 7 27
18 7 29
18 7 26
18 7 25
18 6 25
18 6 27
18 6 28
18 6 26
18 7 24
18 7 23
18 6 24
18 8 28
18 8 29
18 8 26
18 8 25
18 8 24
18 8 27
18 8 21
18 8 22
18 8 23
21 10 22
19 10 22
19 9 22
19 4 12
20 4 12
19 5 12
20 5 12
20 6 12
19 6 12
20 4 13
20 5 13
20 5 14
19 5 14
19 2 11
19 3 11
19 2 12
19 3 12
19 4 10
19 4 11
19 0 11
18 0 11
17 0 11
19 0 10
17 0 10
18 0 10
17 0 12
20 0 11
20 1 10
20 6 11
20 5 9
20 4 9
20 3 9
20 2 9
20 1 9
20 1 11
20 0 12
20 0 13
20 1 12
20 1 13
20 1 14
20 2 14
20 2 15
20 3 15
20 3 14
20 4 14
20 5 10
19 1 12
20 3 11
20 3 10
20 2 10
20 4 11
20 5 11
20 2 11
20 2 13
20 3 13
20 3 12
20 2 12
17 2 15
17 3 14
17 1 14
17 4 14
17 2 14
17 3 15
17 1 13
17 1 12
17 0 13
17 1 11
17 1 10
17 2 9
17 1 9
17 3 9
17 4 9
17 5 9
17 2 8
17 3 8
17 6 13
17 5 14
19 1 9
18 1 9
19 1 11
18 3 8
19 0 13
18 0 13
18 1 14
19 1 14
20 4 10
19 5 10
19 5 11
19 6 11
19 3 15
18 3 15
19 2 15
18 2 15
19 3 10
19 2 10
19 3 9
19 4 9
19 2 9
17 1 15
19 1 15
18 1 15
19 5 9
19 0 12
18 0 12
19 1 13
19 1 10
18 4 15
18 5 9
17 5 13
17 2 13
18 4 9
18 3 9
18 5 10
18 2 9
17 5 10
18 2 10
18 1 10
17 2 10
18 1 11
18 1 12
18 1 13
18 5 14
