3590 26 29 51
13 18 37
12 19 37
12 18 36
13 18 39
13 18 38
13 17 38
12 17 37
11 18 35
13 19 37
13 19 38
13 19 39
13 20 39
11 20 39
11 20 38
12 20 40
12 20 39
12 20 38
13 19 40
10 17 37
9 17 38
9 17 39
9 18 38
9 18 37
9 19 40
9 19 39
9 19 38
10 20 38
10 20 40
10 19 39
10 20 39
11 18 36
11 17 36
10 18 36
9 18 39
8 18 39
8 17 39
9 17 37
10 18 37
14 18 39
13 17 37
12 18 37
11 19 36
11 20 37
11 19 37
12 19 38
12 19 36
11 19 35
13 20 38
10 19 38
10 19 37
10 19 36
9 20 38
11 20 36
7 14 24
7 14 23
6 15 23
6 14 22
6 15 22
6 16 22
7 17 22
7 16 23
7 17 21
7 18 20
7 18 21
4 15 17
3 14 16
4 15 16
5 16 16
4 16 16
6 17 17
5 16 17
4 13 16
3 14 15
4 12 17
3 13 15
3 13 14
5 15 20
5 15 19
5 14 20
5 14 19
4 14 18
5 16 21
5 15 21
5 14 21
6 14 21
4 14 17
5 13 20
5 13 19
5 12 18
4 13 18
6 13 21
4 12 16
4 13 17
5 16 14
4 16 14
5 16 13
3 15 14
4 15 13
5 15 13
5 16 15
6 17 15
4 12 15
3 12 15
6 16 13
6 16 14
7 16 13
8 16 14
7 16 14
4 15 15
3 15 15
3 14 14
9 10 8
9 11 7
8 10 7
8 10 6
8 16 13
8 15 13
8 15 12
7 15 12
9 15 13
7 15 24
7 15 23
6 16 23
6 15 12
5 15 12
5 15 11
4 15 12
4 14 11
3 14 12
3 14 11
3 13 10
5 10 16
5 10 15
4 11 15
10 12 19
11 13 19
10 13 18
12 14 19
11 14 18
11 13 17
6 16 18
6 16 19
5 16 18
6 16 20
5 16 19
4 15 18
6 16 21
5 16 20
8 18 21
8 18 20
10 12 21
9 11 20
9 11 21
8 11 20
9 12 23
10 12 22
9 12 22
9 12 21
10 12 20
9 12 20
9 11 19
6 12 6
5 13 6
5 11 6
6 13 6
4 16 15
3 11 13
4 10 14
3 10 13
5 9 14
4 10 13
3 10 12
8 11 19
10 11 19
9 11 18
8 11 18
8 11 17
3 13 11
3 12 10
2 13 12
3 12 11
3 11 10
3 13 12
9 18 20
9 18 19
10 17 19
10 18 20
6 17 19
6 17 20
6 17 18
8 8 10
9 9 9
8 8 9
9 9 8
9 8 8
7 7 10
8 7 10
8 7 9
6 6 8
7 7 8
6 7 7
8 8 7
8 9 7
9 10 7
6 6 10
6 6 9
7 7 9
7 8 12
8 8 11
7 7 11
8 8 8
4 9 8
4 10 7
4 8 7
4 9 7
4 10 6
6 15 10
5 14 10
4 14 9
4 14 10
3 14 9
4 10 11
3 10 11
3 10 10
4 9 12
4 10 12
7 15 11
6 15 11
3 11 14
3 12 13
3 11 12
3 12 12
3 11 11
3 15 13
3 15 12
2 13 13
3 14 13
4 10 15
5 10 14
3 12 14
10 15 16
10 16 17
9 16 16
9 15 14
10 15 15
9 16 15
9 16 14
8 16 15
10 14 15
10 14 14
4 11 17
5 11 17
4 11 16
6 13 20
5 12 19
6 10 15
7 10 15
6 10 14
3 13 9
3 12 9
3 12 8
3 11 9
3 11 8
6 9 13
6 7 12
6 7 11
7 7 12
6 8 12
4 12 8
4 13 9
4 13 8
4 8 8
4 7 9
5 8 12
5 7 11
4 7 11
4 8 11
4 8 10
4 7 10
5 7 9
6 7 10
5 7 10
4 9 9
4 8 9
8 9 10
9 10 9
9 11 8
9 11 9
10 12 9
10 11 9
10 12 10
9 11 10
9 10 10
9 14 13
8 10 15
8 11 15
8 11 14
9 12 14
8 12 14
9 13 14
9 14 14
9 13 13
8 10 14
7 10 14
8 12 13
8 11 13
7 10 13
9 12 13
9 11 17
10 12 18
9 12 16
10 13 17
10 12 17
9 12 17
10 12 16
3 10 9
6 15 9
5 14 8
6 14 8
8 15 10
7 15 10
7 14 9
7 15 9
6 14 9
8 15 11
5 13 7
4 13 7
5 7 8
6 7 8
5 8 7
8 12 6
7 12 6
8 11 6
8 12 7
8 13 7
7 14 7
7 13 7
6 14 7
7 11 6
7 17 18
8 18 19
7 18 19
7 17 19
6 9 14
6 9 15
11 12 21
11 13 20
12 13 21
12 14 20
11 12 22
6 17 16
8 18 18
7 17 17
7 17 16
10 16 18
12 16 19
11 16 19
12 16 20
11 17 19
11 16 18
9 19 21
12 15 20
12 15 19
10 12 8
8 14 9
7 14 8
9 13 8
8 13 9
8 13 8
8 14 8
9 14 10
9 13 9
9 12 8
9 12 7
9 14 11
9 13 10
9 13 11
10 13 10
8 14 10
4 12 7
5 12 6
4 11 7
5 15 9
5 14 9
4 14 8
5 9 13
4 9 11
3 9 10
3 9 9
3 10 8
3 11 7
4 8 12
4 11 6
4 9 10
3 14 10
9 14 12
9 13 12
10 12 12
9 12 11
9 11 12
8 9 13
8 10 13
8 10 12
8 9 12
7 9 13
7 9 14
9 12 12
8 11 12
8 9 11
8 10 11
9 11 11
8 10 10
7 10 18
7 10 17
6 10 17
7 11 19
8 10 19
7 10 19
8 10 18
11 14 17
11 15 17
10 14 16
5 11 16
6 11 18
7 11 18
6 10 18
8 10 17
7 10 16
6 10 16
10 13 15
11 13 16
9 11 15
9 12 15
10 12 15
9 13 15
8 10 16
10 13 16
9 10 15
9 10 16
9 11 16
11 15 18
8 17 15
7 17 15
7 17 14
6 17 14
10 17 18
9 17 17
9 17 18
8 17 17
9 16 17
8 17 16
7 12 21
7 12 20
6 12 20
7 11 20
6 12 19
5 11 18
7 13 22
6 13 22
7 13 23
14 22 23
13 21 24
13 22 23
14 23 21
14 22 22
13 23 21
13 23 22
12 23 21
12 22 23
11 22 22
12 23 22
11 22 21
10 22 21
10 22 20
13 24 17
12 23 17
12 24 16
14 25 16
14 26 16
13 25 16
16 24 16
15 25 16
15 25 15
15 26 15
15 26 14
14 23 20
14 24 19
13 24 20
13 24 19
14 25 18
14 25 17
16 24 18
15 23 19
15 24 18
15 23 20
15 24 19
16 24 17
16 25 16
15 24 17
15 25 17
15 25 18
13 26 14
13 25 14
13 25 13
12 24 14
13 24 13
13 24 12
11 23 15
12 24 15
16 25 15
12 23 13
12 23 14
12 22 13
12 22 14
12 21 14
14 26 15
13 25 15
14 26 14
16 18 7
17 18 8
17 19 7
12 20 14
12 20 13
12 21 13
13 21 12
13 22 12
12 22 12
13 19 13
12 22 24
12 23 23
13 24 11
14 26 11
14 25 11
15 25 11
14 24 10
15 25 10
14 25 12
18 23 15
17 23 15
17 24 15
17 23 16
13 20 12
13 16 19
14 17 19
13 17 18
15 18 19
14 17 18
13 17 17
12 23 20
12 23 19
12 23 18
12 24 18
12 24 17
13 24 18
13 25 17
13 25 18
10 21 22
9 20 21
10 21 21
11 22 23
10 21 20
15 18 20
15 18 21
16 19 19
15 18 22
15 19 21
15 19 23
15 19 22
16 19 20
16 20 20
15 23 6
16 22 6
16 23 6
17 23 6
15 22 6
15 21 6
16 21 6
18 23 14
17 24 13
18 24 13
17 25 13
17 25 12
18 25 12
13 23 12
13 22 11
16 18 18
16 20 18
16 19 18
16 19 17
16 26 12
15 26 11
16 26 11
16 25 10
17 25 10
15 26 12
10 20 19
10 19 20
10 19 19
10 18 19
11 22 20
11 22 19
11 23 19
11 23 18
17 17 8
18 18 9
18 18 8
19 18 10
19 19 11
20 19 11
19 19 10
20 19 9
20 20 9
20 20 8
18 19 7
19 19 8
20 19 8
17 18 7
20 20 11
20 20 10
20 21 11
20 19 10
19 20 12
19 19 9
19 18 9
19 23 7
19 23 8
18 23 7
19 24 8
15 25 9
15 24 9
14 23 9
15 24 8
14 23 10
13 22 10
18 24 11
13 23 11
18 23 12
18 23 13
18 24 12
17 24 14
17 25 14
16 26 13
17 25 11
16 25 11
14 26 13
13 25 12
14 26 12
15 26 13
16 26 14
12 18 17
12 18 16
12 19 16
12 18 15
12 19 15
12 19 14
12 20 15
13 19 14
13 18 14
16 23 17
16 23 18
17 21 15
17 22 15
18 21 14
17 25 9
16 25 8
17 25 8
16 25 9
15 25 8
18 22 14
18 22 13
20 21 12
19 21 13
16 24 8
20 23 9
20 23 8
20 22 11
19 22 12
20 23 11
19 23 11
20 23 10
20 22 10
19 23 9
19 23 12
15 17 9
16 18 10
16 18 9
17 18 9
17 18 10
18 18 10
15 17 10
15 18 11
14 19 13
15 19 14
14 19 14
16 20 14
17 20 15
17 20 14
15 20 13
15 19 13
16 20 13
15 18 18
15 18 17
15 19 16
15 18 16
14 18 17
18 24 9
18 25 10
18 24 10
14 23 8
13 22 9
14 22 7
13 21 10
14 22 8
13 20 10
13 21 9
13 20 11
13 21 11
15 23 7
20 22 9
20 22 8
20 21 9
20 21 8
20 21 7
19 22 7
20 21 10
15 19 7
16 20 6
15 20 6
16 19 7
15 20 7
14 21 7
10 20 20
10 21 19
11 22 18
10 22 19
9 20 20
18 21 13
18 20 12
18 22 15
14 17 20
15 17 21
15 17 20
13 16 20
12 23 16
10 21 18
11 21 17
11 22 17
11 22 16
11 18 18
12 17 18
10 19 21
15 17 8
16 18 8
14 19 9
14 19 8
14 20 8
14 20 9
14 21 8
15 18 9
14 19 10
14 18 10
15 18 8
15 19 8
15 18 7
13 19 11
14 19 11
13 19 10
17 24 7
16 23 7
16 24 7
15 24 7
14 22 9
19 23 13
19 24 11
18 24 8
19 24 10
18 24 7
17 24 6
19 22 13
19 24 9
19 23 10
18 25 11
14 19 12
15 18 12
13 19 12
14 18 12
16 19 13
16 19 12
17 19 13
18 20 13
18 19 13
13 20 13
15 18 13
17 20 13
18 19 12
17 19 11
16 19 11
16 18 12
17 19 12
18 19 11
16 18 11
17 20 18
17 20 19
17 21 17
17 21 18
17 22 17
13 17 15
12 17 17
13 17 16
13 18 15
17 23 17
16 22 18
16 20 19
16 21 19
17 22 18
17 20 17
17 20 16
17 21 16
17 22 16
14 17 16
14 17 15
14 18 15
15 18 15
16 19 15
15 19 15
17 19 15
16 19 14
17 19 16
17 19 17
13 16 18
16 18 15
16 19 16
11 22 15
11 21 15
11 20 16
11 22 14
12 20 16
11 21 14
12 21 15
11 20 18
11 19 17
11 20 17
11 18 17
11 21 16
11 19 18
15 21 21
16 22 20
15 22 21
15 22 20
16 22 19
16 23 19
16 21 20
14 21 22
14 22 24
14 21 23
15 22 22
10 20 18
10 21 17
11 23 16
8 12 22
8 14 24
8 13 24
8 13 23
9 13 23
8 13 22
8 12 21
8 11 21
14 20 23
15 20 22
15 20 21
16 20 21
14 20 24
13 21 25
11 22 24
10 21 23
8 18 22
8 19 21
7 17 23
13 15 23
14 16 23
13 15 22
13 15 25
13 15 24
14 16 25
14 16 24
14 17 25
15 17 22
15 17 23
15 18 23
15 17 24
14 17 24
15 18 24
15 19 24
14 16 22
14 16 21
13 15 20
13 15 21
11 13 25
12 14 25
12 14 24
12 14 23
13 14 23
13 14 22
10 12 23
9 12 24
10 12 24
11 13 23
11 12 23
11 13 24
12 13 23
9 13 24
10 13 24
12 14 22
12 13 22
13 14 21
12 14 21
9 20 23
10 21 24
9 20 25
9 20 24
9 19 25
10 21 25
10 20 25
12 21 24
11 21 25
12 21 25
11 21 24
8 18 25
8 18 24
8 17 25
7 17 24
8 19 25
9 19 24
8 19 24
9 19 23
7 18 24
8 18 23
7 18 23
9 19 22
7 15 25
7 16 24
7 16 25
14 18 24
10 13 25
14 17 26
14 18 26
14 19 26
13 15 26
13 16 26
13 16 25
9 14 26
10 14 26
11 13 26
10 13 26
9 13 26
11 14 26
12 14 26
12 21 26
13 20 26
8 16 26
8 15 26
12 15 26
11 20 26
11 21 26
10 20 26
10 21 26
8 17 27
8 17 26
9 19 26
8 18 26
9 18 26
9 18 27
14 18 25
14 19 25
9 13 25
14 17 21
8 14 26
8 14 25
13 20 25
9 20 22
10 17 20
11 17 20
12 15 22
12 15 21
12 15 23
21 23 3
20 22 3
20 22 2
21 23 2
19 22 3
18 22 2
19 22 2
18 23 2
20 21 6
20 22 6
20 23 6
20 23 5
20 22 5
20 22 4
21 22 4
21 22 3
20 21 5
21 20 4
21 20 5
21 20 6
21 21 4
20 20 7
20 20 6
21 21 5
19 23 6
19 23 5
18 23 6
18 23 5
19 23 4
19 23 3
20 23 4
20 23 3
17 23 5
18 22 4
17 22 5
16 22 5
17 22 4
18 22 3
17 22 3
17 21 5
17 19 6
17 20 5
17 20 4
17 21 4
17 21 3
18 19 6
18 19 5
18 18 4
18 18 3
17 19 5
18 19 4
18 19 3
18 20 3
18 20 4
18 21 2
18 21 3
20 18 4
20 19 5
20 19 4
20 19 6
21 19 4
21 19 5
21 21 3
21 20 3
21 19 3
19 19 3
18 20 2
19 19 2
19 18 3
20 18 3
20 19 3
22 24 0
21 25 0
21 26 0
20 26 0
19 25 0
19 24 0
21 19 0
21 20 0
21 21 0
21 22 0
22 23 0
19 23 0
18 22 0
19 22 0
18 21 0
18 20 0
18 19 0
19 18 0
20 18 0
20 18 1
21 20 2
21 21 2
21 22 2
21 23 1
21 22 1
21 24 1
20 23 2
20 24 1
21 25 1
20 25 0
18 22 1
19 23 1
18 23 1
19 24 1
19 19 1
18 20 1
18 21 1
21 19 1
21 19 2
21 20 1
21 21 1
20 18 2
19 19 6
19 19 5
19 18 4
19 19 7
20 19 7
18 23 4
19 18 1
19 18 2
19 19 0
20 19 0
20 24 0
21 24 0
19 20 0
20 20 0
20 22 0
19 21 0
20 21 0
21 23 0
20 23 0
4 8 3
4 7 3
4 8 2
3 7 3
3 7 2
5 10 2
4 9 2
4 10 2
4 8 6
5 8 6
4 7 5
5 7 6
6 7 6
5 7 5
4 7 4
5 7 4
6 6 5
6 7 5
6 6 4
6 6 3
5 6 3
5 6 4
4 10 5
4 9 6
4 8 5
4 9 5
4 9 4
4 8 4
4 9 3
5 11 5
5 11 4
5 10 4
5 11 3
5 10 3
7 10 5
7 11 5
7 10 4
6 11 6
6 11 5
6 11 4
6 10 3
8 8 6
8 9 6
8 8 5
8 10 5
8 9 5
8 9 4
8 9 3
7 9 2
7 9 3
6 9 2
7 10 3
6 10 2
7 7 6
7 7 5
7 7 4
7 6 4
7 7 3
7 6 3
4 7 2
6 6 2
5 6 2
8 8 2
7 8 2
8 8 3
7 7 2
5 9 2
2 6 0
2 7 0
1 8 0
3 10 0
2 9 0
1 9 0
3 6 0
4 6 0
5 6 0
6 6 0
7 9 0
6 9 0
5 9 0
4 10 0
8 8 0
7 6 0
8 7 0
3 6 1
4 6 1
4 6 2
3 7 1
2 7 1
2 8 0
2 8 1
3 8 1
3 8 2
4 10 1
3 9 1
3 9 0
4 9 1
7 8 1
6 9 1
5 9 1
5 10 1
6 6 1
5 6 1
7 6 2
7 6 1
8 8 4
7 7 7
7 8 7
7 8 6
4 10 4
7 7 1
8 8 1
7 8 0
7 7 0
3 8 0
3 7 0
2 10 0
6 7 0
6 8 0
5 8 0
4 9 0
4 7 0
5 7 0
4 8 0
11 11 34
12 11 33
10 11 36
11 11 35
12 11 34
13 11 34
10 9 34
9 9 35
11 9 34
9 9 36
10 10 36
8 10 36
9 10 36
10 10 33
11 10 33
10 11 31
10 10 32
11 11 31
11 10 32
11 10 31
11 10 34
12 10 33
12 11 32
11 11 32
10 9 33
10 10 31
12 11 31
13 12 32
13 12 31
12 12 30
9 11 31
9 12 30
11 11 30
11 12 29
10 12 29
11 12 30
12 13 29
11 13 28
12 13 28
11 14 28
12 14 28
13 15 28
10 13 28
11 10 35
10 9 35
10 12 30
10 13 29
16 17 36
17 17 35
16 17 35
17 17 34
16 17 34
16 17 33
17 18 36
17 18 35
17 17 33
16 17 32
17 18 33
16 18 32
16 18 31
16 19 31
15 19 30
15 20 31
15 19 31
15 17 31
15 17 30
14 17 29
14 16 29
13 16 29
14 14 30
14 15 30
14 15 29
13 14 29
13 15 29
15 16 30
14 16 30
13 16 28
14 17 28
16 19 30
14 20 29
14 19 28
17 19 36
17 17 36
15 20 30
14 20 30
13 12 34
13 12 35
14 13 34
15 14 33
12 12 34
11 11 36
12 11 36
12 12 35
12 11 35
14 14 31
13 13 30
15 15 31
15 16 31
8 11 36
8 12 36
9 11 36
16 19 36
16 18 36
15 20 36
15 19 36
16 16 35
12 14 29
13 13 29
16 17 31
15 18 31
15 18 30
13 12 33
14 13 33
15 13 33
15 14 32
14 13 32
15 14 34
15 15 35
15 15 34
14 13 35
16 16 32
16 16 31
15 15 32
14 14 32
15 16 32
13 13 31
13 11 32
13 13 32
15 15 33
16 16 33
14 18 29
14 19 29
14 18 28
16 16 34
15 16 33
14 14 33
13 13 34
15 18 37
14 19 37
9 13 37
10 12 37
10 12 36
11 12 37
10 13 37
7 14 33
7 14 32
7 13 32
7 13 31
7 16 33
7 16 32
7 15 33
7 17 31
8 14 36
8 13 36
8 15 35
7 16 34
7 15 34
7 13 35
8 13 31
6 13 34
7 13 33
8 15 28
8 14 29
9 14 28
9 13 29
8 14 30
7 14 31
9 13 30
8 13 30
7 15 30
7 15 29
7 15 31
11 22 29
10 22 30
10 21 29
14 20 36
13 20 36
14 21 36
12 21 35
13 21 36
13 21 35
12 21 34
11 21 34
11 21 33
14 21 32
14 21 31
13 21 29
12 21 29
13 20 29
12 21 28
13 20 28
10 21 28
11 21 28
11 21 29
13 22 30
14 21 30
13 21 30
12 22 31
12 22 30
11 22 30
8 18 30
7 17 30
8 19 29
7 16 30
7 16 29
7 17 29
9 20 29
10 20 28
8 18 29
9 19 28
8 18 28
9 20 30
8 15 29
8 16 28
8 17 28
12 22 33
11 22 32
10 22 31
10 21 31
9 21 30
11 22 31
7 16 31
7 17 32
7 18 31
7 14 34
7 13 34
6 13 35
14 21 33
13 22 33
13 22 32
15 22 34
14 22 34
14 22 33
14 22 35
14 21 35
13 22 34
7 10 36
7 11 36
7 12 36
7 14 35
8 13 35
15 22 33
16 21 36
17 20 36
16 20 36
15 21 36
15 22 35
14 21 34
8 14 35
10 21 33
10 21 32
12 22 32
12 21 33
10 20 29
10 21 30
7 15 32
13 22 31
13 21 31
8 16 29
8 17 29
7 18 30
12 15 28
15 16 34
15 17 36
11 12 36
12 12 36
15 19 32
15 20 32
15 21 32
16 19 32
16 18 33
16 21 35
15 21 33
9 12 31
8 13 32
10 11 32
7 12 35
8 10 35
8 13 33
9 19 29
9 14 36
9 14 35
8 15 34
10 13 36
14 14 34
13 13 35
8 16 34
14 19 36
15 18 36
15 16 35
15 17 35
12 20 35
9 12 36
8 19 30
9 21 31
8 9 33
8 9 34
9 9 33
9 9 32
8 9 32
7 9 32
9 10 32
9 10 33
9 11 32
6 10 32
7 9 33
7 9 34
6 11 34
6 11 33
7 12 33
6 11 32
6 10 31
6 10 33
7 10 34
7 12 31
8 12 30
8 12 31
8 12 29
7 12 30
7 12 29
7 11 28
9 12 32
8 12 32
7 12 32
6 12 33
6 12 32
6 11 30
6 11 29
6 12 30
6 12 29
6 11 31
6 10 30
6 9 29
6 10 29
6 11 28
6 12 31
18 19 34
18 19 33
17 18 34
18 19 32
17 19 33
15 18 32
18 20 32
18 20 33
18 20 34
17 21 33
17 22 34
16 22 34
18 20 31
17 21 32
17 21 34
18 21 33
16 19 29
16 20 30
16 21 31
16 21 29
16 21 30
16 20 29
16 22 32
16 22 33
17 21 31
18 21 30
17 21 30
18 21 29
17 21 29
18 21 31
18 20 30
18 20 29
17 20 28
16 22 31
17 20 29
18 20 26
18 19 26
17 20 26
17 19 26
17 18 27
18 19 28
17 18 28
18 19 29
19 19 28
19 19 27
19 21 27
19 20 28
19 21 28
19 20 29
18 19 30
17 18 29
18 18 29
18 18 30
16 19 27
16 20 26
16 20 27
16 21 28
16 20 28
16 19 28
16 18 29
16 18 30
17 18 31
17 18 30
17 19 27
18 19 31
17 18 32
18 18 32
18 18 28
18 23 26
18 22 27
18 23 27
18 22 26
18 23 25
18 21 26
17 21 26
17 23 25
17 22 25
16 23 26
16 23 27
16 22 26
16 21 26
16 22 27
16 21 27
17 22 26
17 23 26
17 23 28
16 22 28
17 24 28
18 24 27
18 22 28
18 23 28
18 19 27
17 22 29
17 22 28
18 22 29
18 20 27
19 20 27
6 11 26
5 10 26
7 10 26
7 9 27
7 10 27
6 9 28
7 9 28
6 9 27
5 9 28
4 10 27
4 10 28
5 10 29
5 9 27
7 9 30
8 9 28
7 9 29
8 10 27
7 11 27
6 12 27
6 12 26
6 12 28
8 11 28
8 10 28
8 11 30
9 11 30
8 11 29
8 10 29
8 9 29
8 10 30
9 10 31
9 10 30
7 11 26
7 9 31
8 9 31
7 10 32
8 9 30
4 11 27
3 12 26
3 12 27
4 11 26
4 12 25
5 12 25
5 11 25
4 13 26
5 13 26
4 13 25
5 12 26
5 13 27
6 10 26
5 11 26
4 13 27
5 13 28
4 11 28
5 12 29
4 13 28
5 12 28
5 11 29
4 12 28
3 13 27
3 12 28
5 10 27
10 17 35
10 16 35
9 16 35
9 18 34
10 15 35
9 15 35
10 18 35
11 17 35
10 18 34
12 19 35
13 19 36
9 17 35
10 14 37
11 14 37
12 14 37
13 15 37
13 15 36
12 14 36
12 15 37
12 13 35
13 14 35
14 15 35
14 14 35
11 13 36
10 14 36
10 15 36
13 16 37
14 17 37
14 16 36
14 16 35
14 17 36
14 18 36
10 15 38
10 16 38
10 15 37
10 17 36
10 16 36
10 16 37
9 16 39
12 18 38
11 12 35
12 13 36
15 16 36
8 17 33
8 18 33
8 18 31
9 20 31
9 19 30
11 21 32
10 20 32
10 20 34
9 19 33
10 20 33
8 17 32
8 19 32
8 18 32
9 20 32
9 19 32
8 16 35
9 17 34
8 17 34
9 19 34
10 19 34
11 20 34
11 20 35
10 19 35
8 20 31
7 18 32
8 19 31
13 15 27
12 15 27
11 14 27
10 14 28
12 20 28
11 20 28
14 17 27
13 16 27
8 16 27
8 15 27
9 19 27
10 14 27
9 14 27
9 15 26
10 20 27
11 20 27
12 21 27
14 18 27
14 19 27
13 20 27
9 20 33
8 19 33
9 21 33
15 22 32
17 20 35
17 21 35
15 21 35
17 19 35
18 18 34
18 21 34
17 22 33
18 18 33
6 13 33
9 9 34
7 10 35
7 11 35
6 12 35
7 12 34
8 8 33
6 9 34
6 12 34
6 9 33
6 10 34
8 8 34
8 18 34
1 16 25
2 15 25
3 15 26
1 15 26
1 15 25
2 15 26
1 15 27
0 15 26
0 15 25
0 16 25
1 16 24
2 15 24
2 16 24
3 14 24
3 15 25
3 14 25
1 14 27
1 14 28
2 14 28
0 16 26
1 16 27
2 15 27
2 16 27
2 15 28
1 16 28
2 16 28
1 15 28
1 16 26
2 17 26
2 16 26
1 17 26
2 16 25
2 17 25
3 17 25
3 16 25
2 13 25
1 14 25
2 13 26
2 14 25
1 15 24
1 14 26
2 13 27
2 14 27
3 14 26
3 14 27
16 27 25
16 28 25
16 26 26
16 25 26
16 28 26
16 27 26
17 28 26
17 27 26
17 27 27
16 26 27
17 28 27
17 25 24
17 26 24
16 26 25
16 27 24
16 28 24
16 25 25
17 26 28
17 26 27
16 27 28
17 27 28
16 27 27
17 25 27
17 25 28
18 28 27
18 28 26
18 27 27
17 27 29
16 28 28
16 28 27
15 27 27
15 27 26
15 28 26
17 28 25
15 27 25
17 27 25
17 26 25
17 25 25
18 26 26
18 25 26
17 28 24
17 27 24
18 27 26
18 26 27
18 25 27
16 25 27
5 13 25
4 15 25
3 11 26
3 13 28
4 12 26
3 13 24
4 14 25
3 12 25
4 14 26
17 25 26
17 23 27
16 24 25
17 24 27
16 24 26
18 25 25
16 24 27
16 24 28
18 24 26
2 12 26
17 24 25
18 24 25
20 11 23
20 12 23
20 10 22
20 12 22
20 11 22
20 10 21
20 11 21
19 13 21
19 12 21
19 11 20
20 9 20
20 8 19
20 13 24
19 14 24
19 13 23
20 13 23
20 13 22
20 14 25
20 12 24
20 13 26
20 14 26
20 13 25
17 12 22
18 11 22
18 11 21
19 10 22
19 10 23
20 10 23
19 11 28
19 10 27
18 11 27
19 10 25
19 10 24
19 11 25
18 11 24
18 11 25
18 12 24
19 10 26
19 11 27
18 11 26
19 11 23
18 11 23
17 12 23
19 10 20
20 9 21
19 10 21
19 9 21
19 9 20
20 9 22
19 12 28
19 13 27
20 12 27
20 12 26
20 13 27
20 12 25
20 11 24
19 12 29
20 11 26
19 12 27
19 11 26
20 10 24
20 11 25
11 5 25
12 5 25
12 5 24
12 4 24
13 4 23
13 5 24
13 4 24
13 4 22
14 4 21
10 6 23
11 5 24
11 5 23
12 5 22
12 5 23
12 4 23
11 6 25
10 6 24
10 6 26
10 6 25
11 6 27
11 6 28
11 5 26
12 6 27
12 6 29
12 6 28
12 6 30
11 5 27
12 5 26
12 5 27
13 5 27
13 5 26
13 5 25
13 6 29
13 6 28
14 6 29
14 6 28
13 6 24
13 5 23
12 7 23
12 8 23
13 6 23
12 7 22
12 6 22
13 6 25
13 6 26
13 7 27
13 7 26
13 7 25
12 7 24
13 6 27
13 7 24
13 5 22
13 4 21
11 10 28
12 9 27
12 10 27
12 9 26
11 8 27
10 7 26
11 8 26
10 7 25
12 8 25
11 7 24
12 8 24
12 11 29
12 10 29
12 10 28
11 9 28
11 9 27
11 7 25
11 8 25
12 8 26
12 9 25
18 14 25
18 14 26
18 13 25
18 13 23
17 14 27
17 13 26
16 14 28
16 13 27
16 13 25
17 13 24
18 12 23
17 12 24
17 13 25
18 13 24
11 7 23
11 6 23
11 6 24
18 12 22
19 11 21
18 10 20
20 10 20
19 13 22
10 12 44
11 11 44
11 11 43
12 10 43
12 9 43
12 10 42
12 11 43
12 11 42
12 11 41
9 15 44
9 14 44
10 14 43
10 13 44
10 13 43
11 13 43
11 12 43
12 12 42
11 10 45
12 9 44
11 11 45
11 10 44
12 9 45
13 8 46
12 8 45
12 10 44
12 12 45
12 11 45
11 12 45
12 10 45
11 12 44
12 9 46
10 14 44
11 14 45
11 13 45
10 15 44
12 13 45
15 11 43
14 11 44
15 12 42
14 12 44
15 12 43
14 13 44
15 13 43
16 13 42
15 14 42
16 14 42
14 14 44
13 15 44
15 15 43
15 14 43
13 10 45
14 9 44
13 9 45
13 11 45
14 10 44
13 12 44
13 13 45
12 14 45
12 14 44
13 14 44
13 13 44
14 12 42
14 11 42
13 10 43
16 12 42
13 10 42
14 10 42
14 10 43
13 9 44
13 8 45
16 7 34
17 7 34
16 7 33
16 7 32
17 6 33
18 6 32
17 6 32
17 6 31
16 7 31
15 7 31
16 6 30
16 8 35
16 7 35
17 7 33
15 6 30
15 6 29
18 7 33
18 7 32
18 8 34
18 7 31
18 8 33
18 9 35
18 9 33
18 9 32
18 8 31
18 8 30
18 9 30
18 9 29
18 8 32
18 5 31
16 6 29
17 6 30
17 5 29
18 6 31
18 5 30
18 5 29
19 5 30
19 4 29
18 7 30
18 8 29
18 6 29
18 6 30
19 5 29
19 6 29
18 7 29
18 8 28
19 7 28
19 6 28
19 4 28
19 5 28
19 4 27
19 6 27
19 5 27
19 4 26
19 3 25
16 8 36
16 9 37
17 7 35
17 8 35
18 7 34
17 9 36
17 8 36
17 9 35
18 6 33
16 7 29
17 5 28
17 6 28
17 7 28
18 7 28
18 6 27
17 6 27
18 5 27
18 4 26
16 5 29
18 4 27
18 4 28
17 5 27
11 8 40
12 9 41
12 9 40
12 10 41
13 10 41
11 6 34
10 5 34
11 5 33
11 4 33
13 5 34
12 5 33
12 4 33
13 3 34
13 4 34
12 4 34
13 6 34
12 5 34
13 7 34
12 6 34
13 7 37
13 7 36
13 6 36
13 6 35
13 5 35
13 7 35
13 4 35
10 6 35
10 6 36
10 8 36
10 8 37
10 7 36
10 8 38
10 7 37
9 8 38
12 2 33
12 3 33
11 3 33
11 2 33
12 1 33
11 1 33
11 0 32
12 4 36
12 4 35
11 3 35
12 3 34
11 2 34
12 2 34
12 6 36
12 5 36
13 5 36
12 5 37
12 6 39
12 6 38
13 7 38
13 6 37
12 7 39
12 8 40
13 8 39
13 9 40
13 9 39
13 8 38
12 7 40
12 7 34
11 7 35
10 7 35
10 6 34
10 9 40
10 8 39
10 4 34
11 4 35
11 3 34
10 6 37
11 5 36
10 5 35
10 7 38
11 7 39
11 6 38
11 5 37
17 14 41
16 14 41
18 14 40
18 14 41
19 14 41
17 14 40
22 15 33
21 14 33
22 14 33
20 14 33
21 13 33
22 13 32
19 12 34
20 12 33
20 13 33
21 11 33
21 12 33
22 11 33
22 12 33
19 12 35
19 12 36
20 12 35
19 12 37
20 11 35
20 12 34
21 11 34
19 16 37
20 16 36
21 16 35
19 16 36
20 15 35
21 15 35
21 15 34
19 16 38
20 16 37
23 12 32
23 11 32
24 12 32
25 12 32
22 12 34
22 13 35
23 12 33
23 12 34
24 12 33
20 12 36
21 12 35
22 12 35
19 13 38
20 13 38
20 13 37
20 13 39
21 13 38
21 13 37
20 12 37
21 13 36
23 13 32
22 13 33
24 13 32
18 14 39
18 13 39
19 13 39
18 12 38
19 14 40
20 14 39
19 15 35
20 14 34
20 15 34
21 15 33
18 15 41
19 15 40
18 16 41
19 15 39
18 16 40
18 17 40
19 17 39
19 16 39
23 13 34
22 14 34
22 13 34
23 13 33
21 14 36
21 15 36
21 14 35
20 15 37
20 14 38
20 15 38
20 14 37
20 16 38
21 14 37
13 11 42
14 11 43
15 11 42
11 20 40
12 21 40
12 21 39
13 21 38
13 20 37
12 21 38
11 21 40
11 21 39
13 16 47
12 16 46
12 17 46
12 18 45
13 16 48
13 17 47
11 19 44
12 17 45
12 18 44
11 18 44
11 19 43
11 19 42
13 18 45
13 18 44
12 19 43
13 19 43
13 19 42
13 17 46
12 19 44
13 17 45
13 18 43
13 16 45
13 17 44
13 16 46
10 16 46
10 16 47
10 17 46
10 16 48
10 18 45
10 17 45
10 18 44
10 19 43
10 19 42
10 19 44
9 18 45
9 17 45
9 18 44
9 16 45
9 17 44
9 16 44
9 17 43
9 18 43
9 18 42
9 19 42
9 16 46
10 17 47
9 19 43
7 18 41
7 17 41
7 17 40
7 16 40
7 16 41
6 15 40
6 16 40
6 14 39
8 15 41
8 14 41
7 15 40
7 14 39
9 14 40
8 14 40
9 13 40
8 15 40
7 14 40
8 16 41
7 15 41
7 17 39
8 15 39
7 16 39
8 16 39
7 15 39
6 15 39
8 18 40
16 17 41
15 18 41
16 18 40
17 18 39
15 17 41
16 17 40
14 19 40
14 18 40
15 18 40
15 18 39
16 18 39
11 17 46
11 16 47
11 15 48
11 14 49
11 13 50
11 17 45
11 14 48
11 14 47
10 14 47
11 14 46
10 14 46
10 14 45
11 13 49
10 16 45
10 15 46
9 15 45
10 15 47
11 15 47
12 14 49
12 15 48
12 16 47
12 14 46
12 14 47
12 14 48
13 15 45
13 14 45
12 15 47
12 15 46
13 15 46
13 14 46
13 16 44
17 17 41
17 17 40
17 16 40
18 17 39
19 17 40
16 15 43
15 16 43
16 16 42
17 16 42
16 17 42
18 17 41
16 18 41
15 17 42
16 15 42
17 16 41
9 14 41
9 12 40
10 14 38
9 14 39
9 13 38
9 12 37
9 13 39
9 12 38
9 11 37
9 7 36
8 7 36
7 6 35
9 7 37
8 8 35
9 8 36
8 6 35
8 7 35
8 7 37
8 6 36
9 8 39
8 10 38
8 9 38
8 9 37
7 9 37
7 8 37
8 8 38
8 7 38
7 7 36
8 11 38
7 10 38
8 8 37
9 10 40
9 10 39
8 11 39
9 11 40
9 11 39
8 10 39
8 9 39
9 9 40
9 9 39
9 10 37
8 9 36
8 10 37
8 8 36
8 12 39
9 12 39
9 11 38
15 18 38
16 18 38
14 18 38
16 18 37
17 18 37
20 17 35
20 17 36
21 18 35
22 18 34
18 17 36
18 18 36
19 17 36
19 18 35
20 16 35
20 18 35
19 17 38
20 17 37
20 17 38
21 18 36
21 17 36
19 18 38
20 18 37
18 19 38
19 18 37
19 19 37
20 19 36
20 18 36
18 18 39
17 19 39
17 18 40
18 19 37
18 18 37
19 18 36
16 19 39
17 19 38
15 19 39
17 18 38
9 19 41
8 19 43
8 19 44
8 18 45
8 18 44
10 19 40
9 20 42
10 20 41
9 19 44
10 20 42
10 19 41
13 19 45
13 19 44
12 20 41
13 20 43
13 20 42
12 20 43
12 20 42
13 19 41
13 20 41
11 20 42
11 20 41
6 16 41
6 17 42
8 18 42
7 17 42
8 17 42
5 15 42
6 16 42
7 18 42
8 18 41
6 17 41
16 17 43
14 19 42
14 18 42
14 18 43
15 18 42
15 18 43
14 19 41
10 6 27
9 6 29
10 6 28
10 11 33
10 9 31
9 9 31
10 9 32
10 8 32
9 8 31
9 7 32
9 7 31
9 8 30
9 8 29
8 8 28
9 9 30
9 7 30
9 7 29
9 7 28
9 7 27
9 7 26
9 7 25
9 6 28
9 6 27
9 7 24
8 7 25
8 7 24
9 7 23
8 7 23
8 8 22
8 7 27
8 8 26
8 8 25
8 8 24
8 8 27
8 7 26
8 8 23
10 8 26
10 8 25
10 9 27
10 9 26
11 10 27
10 10 26
9 9 25
9 8 24
9 8 25
9 8 28
9 9 29
9 9 28
10 10 29
10 10 30
11 10 30
11 10 29
10 9 30
10 9 28
10 10 28
10 10 27
9 9 26
9 8 26
9 9 27
9 8 27
9 9 24
12 11 30
20 14 27
20 15 27
20 15 26
19 16 31
19 16 30
18 16 32
19 16 29
17 16 32
18 16 31
17 16 33
17 16 31
18 16 30
19 17 28
18 16 28
18 16 29
19 16 28
19 17 27
19 17 26
20 15 28
20 16 27
20 16 29
20 16 28
19 16 27
20 16 30
19 15 23
19 15 24
19 15 22
19 15 25
19 16 24
19 16 23
19 16 21
19 16 22
18 17 20
20 15 25
19 16 25
20 16 26
19 16 26
19 17 25
19 17 24
19 17 23
19 17 22
18 17 21
19 14 25
18 15 24
18 15 23
17 16 23
18 16 22
16 15 27
17 15 26
17 15 25
18 15 25
17 15 24
18 16 21
16 14 27
17 14 26
17 16 30
16 15 30
17 16 28
16 15 28
17 15 27
18 16 27
18 16 26
17 16 29
17 15 29
17 16 27
17 16 26
17 15 28
16 15 29
18 16 25
17 16 25
18 16 23
18 16 24
17 16 24
16 14 29
16 15 32
16 15 31
16 14 30
13 14 37
12 13 37
11 13 37
13 14 36
11 11 33
12 12 33
13 13 36
14 16 37
14 15 37
14 15 36
16 15 34
16 15 33
15 15 36
14 14 36
15 13 31
15 14 31
15 13 29
16 14 31
15 14 30
15 13 30
14 11 25
15 11 26
15 12 27
14 12 26
14 11 24
15 13 28
15 13 26
15 13 27
14 13 26
14 12 25
13 12 24
14 13 25
13 12 23
13 11 28
12 11 28
13 11 27
14 11 26
13 11 25
13 11 26
13 12 25
12 11 27
13 13 28
13 12 28
13 13 27
13 12 29
13 12 27
13 13 26
13 12 26
12 12 29
13 13 25
13 12 30
14 13 30
14 13 31
15 14 28
14 13 27
14 13 28
14 12 24
14 13 29
7 14 41
7 13 41
8 11 40
8 12 40
7 12 40
10 10 40
7 15 43
7 14 42
8 15 43
7 14 43
7 13 42
8 14 43
8 13 43
7 12 42
7 11 42
7 12 41
7 15 42
7 10 39
7 11 40
7 9 38
7 11 39
7 13 40
8 13 41
8 13 40
7 16 42
8 11 41
8 11 42
8 10 41
8 12 42
9 12 42
9 11 41
9 10 41
8 10 40
7 11 41
7 10 40
7 9 39
17 12 41
17 13 41
17 11 40
18 10 39
18 11 38
19 9 37
19 10 38
19 10 37
18 11 39
19 11 37
17 12 40
18 12 39
17 13 40
17 13 39
17 9 37
18 9 37
18 8 36
19 8 36
19 8 37
20 8 37
20 8 36
20 7 35
21 7 36
21 7 35
17 8 37
20 7 36
17 10 38
17 10 39
18 10 38
18 9 38
17 9 38
20 9 36
20 10 35
21 8 35
19 11 36
19 10 36
20 10 36
16 10 39
17 11 39
16 9 38
16 12 41
15 12 41
20 9 35
20 8 35
20 8 34
19 8 35
19 8 34
19 10 35
16 13 41
15 11 40
16 11 40
15 11 39
19 9 35
18 10 35
7 16 44
7 16 43
8 17 43
7 15 45
7 14 46
7 14 45
7 13 46
7 15 44
8 16 44
8 15 45
8 14 44
7 14 44
8 14 45
8 15 46
8 14 46
15 16 44
15 17 43
15 17 44
14 17 42
15 14 47
15 14 46
15 15 46
15 15 45
15 16 45
15 15 44
14 15 45
14 16 45
14 17 44
15 14 44
15 14 45
14 14 45
14 15 44
8 16 40
8 15 37
9 14 37
9 15 38
8 14 39
9 14 38
8 14 38
8 16 38
8 14 37
8 13 37
7 13 37
7 14 37
7 13 36
7 13 38
7 15 38
7 14 38
7 16 38
15 17 37
16 17 39
14 17 38
16 17 37
17 17 37
16 17 38
15 17 38
21 10 27
21 9 27
22 9 27
21 8 27
22 8 27
23 8 27
22 7 27
23 7 27
20 9 28
19 8 28
19 10 28
18 10 28
19 9 28
20 10 28
20 11 28
19 8 29
20 8 30
20 8 28
20 8 27
19 9 32
19 9 31
19 8 30
18 9 31
18 9 34
19 9 30
21 8 28
20 8 29
22 8 28
21 11 29
20 11 29
21 11 28
20 11 30
20 12 31
20 12 30
19 12 32
19 12 31
20 12 29
19 12 30
20 12 32
21 10 28
22 9 28
22 10 28
22 10 27
19 12 33
20 11 32
19 11 35
19 11 34
20 11 34
20 11 33
20 11 31
21 11 30
20 10 30
21 10 30
21 9 29
21 10 29
20 9 30
21 8 29
19 10 34
20 10 32
20 10 31
20 9 31
19 10 33
19 9 33
20 10 33
19 9 34
15 3 28
14 3 28
15 2 28
13 3 29
14 2 28
15 1 28
14 1 28
15 0 28
15 5 29
14 5 28
15 4 28
13 5 29
13 4 29
14 4 29
14 5 29
14 4 28
15 4 29
15 5 31
15 5 30
15 4 30
15 5 32
16 6 33
15 6 31
15 6 32
15 3 29
15 2 29
15 1 29
13 5 30
13 4 30
13 6 33
12 7 33
13 5 32
13 6 32
12 6 32
13 5 31
12 6 31
13 3 30
14 2 29
14 1 29
13 4 31
14 3 30
14 4 31
14 2 30
15 4 31
15 3 30
15 7 35
15 6 34
15 6 33
15 7 34
14 5 32
14 7 36
14 6 36
14 6 35
14 6 34
14 5 33
13 5 33
14 7 37
14 7 35
15 6 35
9 10 35
9 8 35
9 8 34
10 10 34
10 10 35
9 10 34
10 11 35
10 11 34
7 8 29
6 8 29
7 8 30
8 8 32
7 8 31
8 8 31
9 8 33
9 8 32
10 8 35
10 8 34
9 7 33
8 8 30
8 8 29
19 16 35
19 17 35
19 17 34
18 18 35
19 18 34
19 18 33
19 18 32
15 16 37
16 16 36
17 16 34
18 17 32
19 19 31
18 18 31
19 19 30
18 17 31
17 17 32
19 18 30
19 19 29
19 17 31
19 18 31
19 17 33
19 17 32
19 16 34
19 16 32
19 16 33
19 17 30
20 17 29
20 18 29
19 18 29
18 17 30
20 17 30
16 13 44
16 13 43
14 15 43
16 14 43
17 14 43
16 14 44
18 12 41
19 11 41
18 11 42
20 11 41
19 11 43
19 11 42
18 12 43
17 12 43
17 12 44
19 12 42
20 12 41
18 13 42
18 13 43
17 13 44
17 13 43
19 13 41
19 12 41
17 12 42
18 13 41
18 11 41
18 15 42
17 15 42
18 16 42
19 13 42
18 14 42
19 14 42
19 15 41
18 14 43
10 10 44
10 11 44
10 10 43
9 12 44
10 11 43
11 10 43
9 13 44
10 12 43
11 12 42
8 12 43
9 13 43
9 12 43
8 11 43
8 10 43
9 11 44
9 10 44
9 10 43
9 11 43
10 7 41
9 7 40
9 6 41
8 5 41
11 7 41
9 7 43
10 7 42
8 6 42
9 7 42
9 8 43
10 8 43
9 9 44
10 9 43
8 7 42
8 6 41
8 9 42
9 9 43
8 9 43
8 8 42
9 8 41
9 7 41
8 7 41
8 8 41
11 8 41
11 9 42
10 8 40
9 8 40
11 9 43
11 8 42
10 8 42
11 10 42
8 10 42
9 11 42
9 9 41
15 11 25
15 12 25
16 11 24
16 12 24
16 12 26
16 12 23
15 12 26
16 13 26
16 12 25
16 11 22
16 11 23
15 11 24
14 10 25
14 10 24
15 11 23
15 10 22
15 10 23
16 11 18
15 10 18
16 11 17
17 11 20
16 11 20
16 11 19
15 10 20
15 10 19
16 11 21
15 10 21
16 10 20
17 12 21
18 8 27
18 9 27
18 8 26
18 10 27
18 9 26
18 8 25
18 9 28
18 9 25
18 9 24
18 8 24
18 8 23
17 7 27
17 8 26
16 7 26
17 8 23
17 8 24
16 8 23
16 8 24
17 8 25
16 8 25
15 9 20
15 9 21
16 8 22
16 9 21
16 9 22
16 9 20
16 10 19
16 10 18
15 9 23
15 9 22
16 8 26
15 9 24
16 8 27
17 7 26
18 10 23
17 11 22
17 11 21
18 10 24
18 10 25
18 10 26
17 11 23
18 10 22
17 10 21
17 10 20
17 11 19
18 9 23
17 9 22
17 9 21
17 9 20
18 9 22
17 10 19
17 8 27
13 10 26
13 9 24
13 10 27
13 9 25
13 8 24
12 10 26
13 10 25
13 9 23
14 9 23
14 9 22
14 9 20
13 8 20
14 8 19
12 8 21
14 8 18
14 9 21
13 8 21
14 10 22
13 8 23
13 9 22
13 8 22
12 8 22
15 8 21
15 8 23
15 8 22
16 7 24
16 7 25
16 7 27
14 8 20
14 9 19
13 7 23
13 7 22
13 7 28
13 7 21
13 8 19
15 6 24
15 6 25
16 6 26
15 7 23
15 7 24
14 6 24
14 6 25
14 6 26
14 6 27
15 6 22
15 7 22
14 7 21
14 7 20
15 6 23
14 7 22
14 7 23
14 6 23
14 6 22
15 6 28
16 6 28
15 6 26
15 6 27
16 7 28
16 6 27
10 5 27
11 4 27
11 3 27
10 4 27
10 3 27
10 2 26
11 2 27
11 1 26
11 0 26
11 2 26
12 4 27
12 3 27
10 5 28
12 5 28
11 7 34
11 6 33
11 5 32
10 6 32
10 5 31
10 7 34
10 6 33
10 5 32
10 5 30
10 4 30
10 4 29
11 4 29
10 3 29
11 3 29
11 2 28
12 4 29
12 3 29
11 1 27
12 5 30
12 4 28
12 5 29
12 6 33
12 5 32
12 5 31
12 3 28
10 5 29
10 4 28
10 3 28
10 2 27
10 7 31
10 6 31
10 6 30
10 6 29
10 7 32
10 7 33
11 5 31
11 4 30
23 12 24
22 12 25
24 11 23
22 14 25
21 14 25
22 13 25
21 14 26
21 13 25
21 12 25
21 12 26
22 11 25
23 11 24
20 12 28
20 14 32
21 14 31
20 15 33
20 15 32
21 14 30
21 14 29
22 14 28
21 14 32
21 12 28
22 12 27
21 13 28
23 11 26
22 13 27
23 12 26
23 11 25
23 12 25
24 11 24
21 12 27
21 12 30
21 12 29
22 12 26
21 14 28
22 14 27
21 14 27
22 14 26
22 13 26
24 12 24
21 15 29
20 15 30
20 15 29
20 16 34
20 16 33
20 16 32
20 15 31
20 16 31
21 15 30
21 13 29
21 13 31
20 13 32
21 13 30
19 13 34
20 13 34
20 13 31
14 9 40
15 9 40
13 9 41
15 8 39
14 8 39
15 7 39
15 7 38
15 6 38
14 7 38
14 8 38
13 10 40
16 7 37
16 5 37
16 6 37
16 4 36
16 8 37
17 7 36
17 6 36
16 5 36
17 4 36
17 3 35
16 6 36
17 5 36
15 9 39
16 8 38
15 5 37
16 4 35
15 5 35
15 5 36
15 4 35
15 6 37
14 6 37
15 6 36
14 10 41
14 11 41
15 10 40
15 10 39
16 5 35
17 5 35
16 7 36
16 6 35
17 4 35
