10668 43 49 85
21 31 63
21 31 62
21 32 62
21 31 61
22 30 66
22 30 65
22 30 64
21 29 63
21 29 62
21 30 61
20 30 61
20 31 60
19 31 60
21 30 62
21 32 63
22 31 65
22 31 64
22 30 63
22 31 63
21 30 63
22 32 65
21 33 65
19 33 66
19 34 65
19 34 66
19 34 64
20 33 67
20 33 66
20 34 65
22 32 67
22 33 66
22 32 66
22 33 67
22 32 64
22 32 63
17 29 62
16 29 63
16 29 64
16 29 65
15 29 66
17 29 63
15 30 65
16 30 63
15 31 65
16 30 64
16 31 63
16 31 64
16 30 62
18 33 66
18 33 65
15 32 67
16 32 66
16 33 65
16 32 68
16 32 67
15 32 65
16 32 64
17 33 65
17 33 67
16 33 66
17 33 66
19 30 60
20 29 61
18 29 61
18 30 61
18 31 60
17 30 61
16 33 67
21 33 67
21 33 66
22 33 65
15 30 66
14 30 66
14 29 65
15 29 64
16 29 62
15 30 64
15 29 63
16 30 65
15 29 65
23 30 66
23 31 66
23 30 65
23 29 64
22 29 63
22 29 64
19 32 61
19 33 61
18 32 61
19 33 63
21 33 64
21 34 64
20 33 63
20 31 61
20 32 62
19 32 62
20 32 61
19 34 63
20 32 60
19 33 62
18 34 64
20 34 63
20 34 64
22 33 64
21 34 65
19 32 60
18 33 63
16 33 64
17 33 63
17 31 61
16 31 62
16 31 61
17 32 62
18 32 62
17 32 61
17 31 60
17 30 62
16 32 63
18 34 63
18 33 62
16 32 65
15 32 66
17 33 64
17 34 64
18 33 64
18 33 61
17 32 63
19 34 61
12 24 41
12 24 40
12 25 40
11 23 39
11 24 39
11 25 39
11 23 38
11 24 38
10 23 37
10 24 37
10 25 37
10 25 38
10 26 38
10 25 36
10 26 36
10 26 37
10 27 36
12 30 36
12 29 37
11 29 36
12 29 35
11 29 35
12 28 38
11 28 37
11 27 39
10 27 38
10 27 37
10 28 36
13 30 34
12 30 35
11 28 39
11 28 40
11 28 38
11 27 38
11 28 36
9 28 29
9 27 29
8 26 29
8 27 28
7 25 28
6 24 28
6 25 27
7 26 28
7 27 27
7 26 27
8 26 28
6 23 28
5 23 27
6 22 28
6 23 27
5 23 26
7 21 28
6 22 27
7 20 28
6 21 27
6 21 26
5 22 26
5 23 25
5 22 25
9 26 35
9 26 34
9 25 35
9 25 34
8 26 33
8 25 33
8 25 32
9 24 35
9 24 34
9 23 35
9 23 34
8 24 33
8 23 33
8 23 32
8 24 32
7 25 31
7 24 31
7 24 30
7 23 31
7 23 30
6 24 29
10 24 36
10 23 36
10 22 35
9 22 34
9 22 33
9 21 32
8 22 32
9 23 33
8 21 31
8 21 30
7 22 30
7 20 29
7 21 29
7 22 29
8 22 31
7 23 29
6 23 29
10 23 35
8 27 24
7 26 24
8 27 23
6 26 24
7 26 23
8 26 22
7 26 22
8 26 21
9 28 25
10 28 26
8 27 25
7 27 24
7 20 27
6 20 27
6 20 26
6 19 25
6 20 25
5 21 25
10 27 22
9 27 23
9 26 22
13 28 24
12 27 24
11 27 24
11 27 23
12 27 23
9 27 24
10 27 23
11 27 22
10 27 24
6 25 26
6 26 25
6 26 26
6 24 27
5 24 26
5 24 25
5 23 24
5 24 24
6 25 25
5 25 24
15 17 13
15 18 12
14 17 12
15 19 12
15 18 11
14 18 11
14 26 23
14 27 23
13 27 23
14 27 24
12 27 22
13 27 24
12 26 22
11 26 21
13 26 21
14 26 22
13 26 22
11 26 22
12 26 21
13 25 20
12 26 20
12 25 20
15 25 23
11 27 40
12 26 40
11 26 39
12 25 41
11 26 40
11 26 38
9 26 21
8 26 20
9 26 20
8 25 20
9 25 19
8 25 19
7 25 20
7 24 19
7 24 18
6 24 20
6 24 19
5 24 20
5 24 19
6 23 19
6 24 18
7 23 18
6 23 18
6 22 17
7 25 21
7 26 21
6 25 21
6 25 20
7 19 26
7 18 26
9 18 27
9 17 27
8 18 26
9 17 26
8 17 26
14 25 21
13 25 21
17 20 33
18 21 33
17 20 32
18 22 33
18 21 32
18 21 31
19 23 33
19 23 32
20 24 33
19 24 32
19 23 31
18 22 31
18 22 30
19 23 30
18 23 29
18 22 32
10 27 35
9 26 33
8 26 30
9 28 30
10 28 31
9 27 30
10 28 32
9 27 31
10 27 33
9 27 32
8 27 29
10 27 34
9 27 33
9 27 34
9 26 32
8 26 32
8 25 31
8 26 31
7 25 30
7 25 29
14 31 35
14 30 36
13 29 37
13 30 36
13 31 35
12 28 39
16 20 37
16 20 36
15 20 37
15 19 36
17 20 34
16 19 33
16 19 34
15 19 33
15 19 35
14 19 35
16 20 39
16 20 38
17 20 35
16 20 35
16 20 34
15 19 34
14 19 33
14 19 34
13 18 34
9 20 10
9 21 11
9 19 11
8 22 11
8 20 11
8 19 11
9 20 11
11 22 10
10 22 11
10 21 10
9 22 11
9 28 26
8 27 27
8 27 26
7 27 26
7 26 25
7 26 26
6 18 23
7 17 23
6 18 22
7 16 22
8 16 23
7 17 22
9 16 23
8 16 22
6 17 22
6 17 21
7 17 21
6 17 20
10 25 20
11 25 20
11 26 20
10 26 21
10 26 20
13 18 33
14 19 32
15 19 32
16 19 32
16 19 31
15 19 31
14 18 31
14 18 30
15 19 30
14 18 29
14 18 32
5 22 18
5 22 19
5 21 18
5 21 17
5 22 20
5 21 19
4 21 21
4 21 20
5 20 19
5 20 18
5 19 18
5 23 21
4 22 21
5 23 20
5 23 19
16 30 34
15 30 33
16 29 33
16 30 32
16 29 32
17 29 33
12 30 33
11 29 34
11 29 32
10 28 34
10 29 31
12 30 34
11 29 33
10 28 35
10 28 33
11 28 34
10 28 30
15 15 15
15 15 14
14 14 15
14 14 14
14 14 17
15 14 16
14 14 16
15 14 15
15 15 13
12 11 18
13 12 17
13 13 16
14 13 17
14 13 16
14 13 15
11 11 14
12 11 14
13 12 15
12 12 14
11 12 13
13 13 13
13 14 12
12 13 12
13 12 14
12 12 13
14 14 13
14 15 13
15 16 12
14 15 12
13 15 12
14 16 11
14 16 12
14 17 11
10 11 18
11 11 18
10 11 17
11 11 17
10 11 16
12 11 17
11 11 16
11 11 15
12 12 16
12 11 16
12 11 15
13 13 18
12 12 19
12 13 20
13 13 19
12 13 19
13 12 18
12 12 18
13 12 16
13 13 15
14 13 14
13 13 14
13 14 13
14 14 12
12 12 17
13 14 14
7 15 13
7 14 12
7 16 12
6 15 14
6 15 13
6 16 13
7 16 13
7 17 12
7 17 11
7 18 11
10 25 18
9 24 17
8 24 17
9 24 16
7 24 16
6 23 16
7 23 15
8 24 16
8 23 15
6 16 20
5 18 19
6 16 19
6 17 19
6 17 18
5 17 18
5 18 18
5 18 17
4 19 17
9 25 18
8 25 18
7 24 17
7 16 21
7 16 20
11 25 19
12 25 19
10 25 19
11 25 18
6 19 24
6 18 24
7 17 24
6 19 23
8 17 23
5 19 20
5 20 22
5 20 21
5 19 22
5 19 21
5 20 20
5 18 21
6 18 20
5 19 19
6 18 21
6 25 22
5 25 22
5 25 21
5 25 23
6 26 23
6 25 23
5 24 23
4 22 22
4 23 22
4 22 23
5 23 22
4 23 24
4 22 24
5 23 23
4 23 23
5 24 22
5 24 21
7 18 25
7 18 24
8 17 25
9 16 25
9 16 24
8 17 24
5 21 23
5 20 23
5 21 22
5 19 23
4 21 22
5 22 24
5 21 24
5 20 24
16 26 24
16 26 25
15 26 24
17 26 26
17 26 28
18 26 29
17 27 28
16 27 26
15 27 26
15 27 25
14 27 25
17 26 27
16 27 27
17 25 25
16 25 24
17 25 26
17 24 25
16 24 24
16 23 24
17 25 27
8 19 28
7 19 27
9 21 33
9 20 31
9 20 30
8 20 30
8 19 29
8 20 29
9 21 31
10 22 36
9 22 35
9 21 34
9 20 32
9 19 30
10 17 26
11 17 26
11 16 25
10 17 25
11 16 24
5 21 15
5 20 16
5 20 14
5 19 16
5 18 16
5 20 15
5 19 15
5 19 14
5 18 15
5 18 14
6 22 16
5 22 16
5 22 15
5 20 17
5 21 16
6 22 15
6 23 15
9 15 23
10 15 22
10 12 20
11 12 19
10 11 19
11 12 20
10 13 21
10 14 22
11 14 21
10 14 21
12 13 21
11 13 21
6 21 14
6 20 14
6 19 14
7 22 15
6 14 14
7 13 14
6 13 15
7 12 15
7 14 13
9 14 22
9 13 21
9 14 21
9 13 20
9 12 19
8 13 20
8 12 19
8 13 19
7 14 18
7 13 18
7 13 17
7 12 17
7 13 16
7 12 16
8 12 18
7 12 18
9 12 18
8 12 17
9 12 17
9 11 17
8 12 16
7 14 17
7 14 16
7 15 16
7 13 15
7 14 15
6 15 15
9 15 21
8 14 20
8 13 18
8 14 19
9 15 22
14 15 17
15 16 16
14 15 16
15 17 16
15 17 15
16 19 16
17 20 15
16 19 15
16 18 15
16 18 14
14 16 15
15 16 14
15 18 14
15 16 15
16 18 16
15 18 16
15 17 14
16 19 17
15 18 17
17 20 16
15 16 17
16 21 18
17 21 17
16 20 18
16 20 17
17 20 17
15 17 17
15 24 22
16 23 22
15 24 23
15 23 22
16 23 23
13 18 25
14 19 25
14 19 24
14 20 24
15 21 25
15 22 24
15 22 23
14 20 25
15 20 24
15 21 24
15 21 23
13 18 24
14 20 23
13 19 24
13 17 24
13 19 23
15 21 22
13 18 23
13 17 23
15 22 22
12 17 23
12 17 24
11 17 24
14 21 22
14 20 22
14 19 22
13 19 22
15 19 29
16 20 30
16 20 28
17 20 31
16 20 29
16 19 30
17 21 31
17 21 30
18 22 29
17 21 29
17 21 28
16 21 28
17 22 29
17 22 28
17 20 30
12 17 25
6 17 16
6 18 16
6 18 15
6 17 17
11 24 14
10 24 13
11 24 13
11 25 16
10 24 15
11 24 15
10 24 14
9 24 13
13 25 17
13 25 16
12 25 16
12 24 15
14 25 18
14 25 19
13 25 18
14 25 20
13 25 19
12 25 18
12 25 17
8 23 13
9 23 12
8 22 12
8 12 15
9 12 15
8 12 14
10 11 14
9 12 14
10 12 14
9 12 13
8 13 14
8 13 13
10 12 13
11 11 13
9 13 13
8 13 12
9 11 16
10 11 15
9 11 15
14 20 11
15 19 11
13 20 11
14 19 11
12 21 11
12 20 11
13 19 11
14 20 12
13 21 12
13 22 12
12 23 13
12 22 12
11 24 12
11 23 12
12 22 11
11 22 11
14 21 12
13 21 11
13 18 11
12 19 11
11 20 11
11 21 10
11 19 11
10 20 10
14 30 33
14 30 34
13 30 32
12 29 31
11 29 30
14 30 32
13 30 33
12 30 32
11 29 31
10 29 30
15 31 34
14 31 34
10 15 23
11 15 21
11 15 24
11 14 22
12 14 20
11 15 22
10 16 25
10 15 24
18 21 36
19 22 35
18 20 35
19 22 34
18 21 34
18 20 34
19 23 34
19 21 35
18 21 35
19 22 36
20 22 35
20 23 34
21 24 34
20 24 34
17 20 38
17 21 37
17 20 37
18 21 37
17 20 36
18 20 36
10 28 27
10 28 28
9 28 27
10 28 29
9 28 28
11 29 29
12 29 30
14 30 31
13 30 31
13 30 30
12 29 29
11 29 28
10 29 28
11 29 27
17 29 32
17 28 32
17 28 31
18 28 31
17 28 30
18 27 30
17 27 29
20 26 33
19 27 33
19 28 33
18 28 33
20 27 33
19 26 32
19 27 32
19 26 31
18 28 32
18 27 31
18 26 30
15 32 36
15 31 35
15 30 34
20 25 33
16 18 13
16 19 13
16 19 12
16 20 14
16 19 14
15 22 14
14 23 15
14 23 14
14 23 16
13 23 15
13 23 13
14 24 16
13 24 15
12 24 14
12 24 13
13 24 14
13 23 14
10 23 11
9 23 11
10 24 12
11 23 11
15 23 17
15 23 16
16 22 16
15 22 15
16 21 15
15 22 16
16 21 16
15 21 14
15 21 13
14 22 13
13 22 13
14 21 13
15 20 12
14 22 14
15 20 13
16 20 13
15 24 20
15 24 19
15 23 19
15 24 18
15 23 18
16 22 17
16 23 18
16 22 18
14 24 18
14 24 17
15 24 17
16 21 17
7 19 12
7 19 11
8 21 11
7 20 12
7 21 12
8 21 12
6 19 13
6 20 12
6 21 13
6 20 13
9 24 14
8 24 15
8 23 14
7 23 13
10 25 17
10 25 16
9 25 16
10 25 15
9 25 15
9 24 15
11 25 17
7 22 13
7 21 13
7 20 13
7 23 14
7 22 14
8 15 23
8 15 22
8 15 21
7 15 21
7 15 20
7 16 19
6 15 18
7 15 19
6 16 17
5 17 15
6 16 16
5 17 14
6 16 14
6 18 13
6 17 13
6 18 12
6 18 11
7 14 20
8 14 21
7 14 19
8 18 11
6 15 17
6 15 16
6 16 15
6 17 14
6 16 18
6 17 12
6 19 12
7 23 17
6 23 17
5 19 17
14 25 22
14 24 21
15 24 21
15 23 21
16 22 21
16 21 20
16 22 20
15 23 20
15 22 20
16 21 19
14 24 20
15 22 19
14 17 21
15 18 21
15 20 20
15 19 20
13 15 22
14 16 21
13 15 21
13 16 22
13 16 21
15 19 21
12 15 22
13 14 21
11 15 23
12 14 21
12 15 23
15 25 22
12 16 23
14 17 22
14 18 21
15 20 21
16 20 21
16 21 21
16 20 20
13 18 22
14 18 22
13 17 22
14 19 21
15 21 21
15 20 22
15 22 21
13 15 19
13 15 20
14 16 19
15 20 19
15 19 19
15 18 19
14 17 19
15 20 18
15 19 18
16 20 19
14 17 20
15 18 20
14 16 20
13 14 18
13 14 19
15 16 13
16 22 19
15 21 19
15 18 18
16 19 18
14 16 17
14 16 18
14 17 18
14 15 18
13 18 32
13 17 31
13 17 30
12 17 30
12 17 31
12 18 31
11 17 30
11 17 29
10 17 29
12 18 32
19 24 29
19 25 29
18 24 28
18 24 27
18 25 28
17 24 27
18 25 27
17 24 26
8 17 27
9 17 28
10 17 28
8 18 28
8 18 27
8 19 27
12 19 32
11 18 31
11 19 31
11 18 30
10 18 30
10 19 30
9 18 29
10 17 30
10 18 29
9 19 29
13 16 29
12 17 29
11 17 28
12 16 28
13 16 28
12 16 27
11 17 27
10 17 27
12 17 27
17 22 26
18 23 27
17 23 25
19 23 28
18 23 26
17 23 26
15 19 25
15 20 25
16 21 25
16 22 24
14 17 25
14 18 25
15 18 25
16 19 25
16 20 25
16 20 26
17 20 26
17 21 26
17 21 25
17 22 25
16 22 25
13 17 25
12 17 26
13 17 26
13 16 27
14 16 28
14 17 26
14 17 30
20 24 32
19 24 31
19 24 30
19 23 29
18 22 27
18 22 28
18 23 28
17 21 27
14 17 29
13 17 29
14 17 27
15 17 26
15 18 26
16 19 26
14 18 28
15 20 28
15 19 28
15 19 27
15 18 28
15 18 27
15 17 27
14 17 28
16 20 27
19 25 30
19 25 31
20 26 32
19 26 30
20 25 32
16 27 28
15 27 27
13 28 26
12 28 25
14 28 26
14 28 27
12 28 26
11 28 26
14 27 26
13 28 25
12 28 24
11 28 24
10 28 24
9 28 24
11 28 25
10 28 25
16 28 29
14 28 28
14 29 29
13 29 27
18 27 29
17 29 31
16 28 30
16 29 31
15 29 30
15 28 30
15 28 29
15 29 29
15 28 28
15 27 28
13 28 27
12 29 26
11 20 33
11 19 33
10 19 32
12 19 34
13 19 34
12 19 33
10 19 31
12 20 35
11 20 34
12 20 34
11 19 32
11 22 36
11 21 36
10 21 35
10 21 34
10 21 33
11 21 35
10 20 34
10 20 33
10 20 32
12 21 36
11 22 37
12 23 38
12 22 38
12 23 40
12 21 37
12 22 37
11 23 37
12 23 39
12 29 27
13 29 28
13 29 29
12 29 28
14 29 28
14 30 30
13 29 30
15 29 31
15 30 32
15 30 31
14 29 30
24 38 38
23 37 39
23 38 37
23 38 36
23 39 36
23 36 40
22 36 41
22 37 40
22 37 39
22 38 37
22 39 36
21 38 37
21 39 36
24 38 36
24 38 37
23 38 38
23 37 38
22 38 38
20 38 39
19 37 38
18 37 37
19 38 37
18 37 36
19 37 36
18 37 35
19 38 35
20 38 37
20 38 38
21 39 37
20 38 36
17 36 35
17 36 34
17 37 35
19 38 36
24 43 28
23 42 28
24 43 27
22 41 28
23 43 27
21 40 29
21 41 28
20 40 29
20 40 28
22 42 27
21 42 27
22 42 26
22 42 28
27 41 28
26 41 28
27 42 27
26 42 28
26 42 27
26 43 26
25 43 28
25 43 27
25 44 26
26 43 25
25 44 25
25 44 24
24 39 35
24 39 34
23 39 35
23 40 34
24 40 34
24 40 33
24 41 32
22 39 35
22 40 35
21 40 35
22 40 34
23 41 33
22 41 33
23 41 32
23 40 33
24 41 31
24 42 30
23 41 31
23 42 31
23 42 30
24 42 29
24 43 29
27 41 29
26 40 30
26 41 29
26 40 31
26 40 32
26 41 30
25 39 33
25 40 32
25 39 34
25 39 35
25 40 33
25 40 31
25 41 31
25 41 30
25 42 29
25 42 28
25 42 30
23 43 23
22 42 23
22 42 22
21 41 24
22 41 22
22 41 21
20 39 26
20 39 25
20 40 25
21 41 25
21 40 24
22 42 24
22 43 23
21 40 25
28 42 25
28 42 26
27 42 25
28 41 27
27 42 26
27 43 25
27 41 27
26 44 24
22 40 21
21 40 23
21 41 23
21 40 22
21 39 22
21 38 21
21 39 21
22 40 22
21 39 24
20 38 24
21 39 23
20 37 24
20 37 23
20 36 23
21 38 23
21 38 22
20 36 24
20 35 24
23 43 26
22 43 26
22 43 25
23 43 25
23 43 24
24 43 26
24 44 24
24 44 25
27 30 12
28 30 13
28 31 12
29 30 14
28 31 13
20 35 23
20 34 23
21 36 22
21 37 22
21 35 21
21 37 21
21 35 22
21 36 21
21 34 22
22 36 20
22 35 20
21 33 23
21 32 23
21 37 39
21 37 40
21 38 39
21 38 38
22 36 40
21 34 23
22 40 20
22 39 20
23 40 19
22 39 21
24 44 20
24 43 19
25 43 19
23 42 19
24 42 19
25 43 18
23 41 19
24 41 19
23 40 18
24 41 18
25 42 18
25 42 17
25 41 17
26 42 16
23 42 20
23 41 20
24 43 20
29 39 26
29 39 27
28 40 26
29 40 25
30 38 26
29 39 25
29 40 26
28 41 25
28 41 26
21 34 21
22 34 21
22 35 21
22 28 32
23 28 32
22 28 31
24 29 32
23 29 31
22 28 30
25 29 32
24 29 31
26 30 33
25 30 32
23 29 30
23 29 29
24 29 30
21 40 31
22 41 30
22 40 32
21 39 35
21 39 34
21 40 34
21 40 33
21 40 32
22 40 33
22 41 32
20 39 33
20 39 32
20 40 31
20 40 30
21 40 30
21 41 29
22 41 29
22 41 31
23 42 29
21 41 30
18 36 37
17 35 36
16 34 36
16 34 35
16 35 35
17 36 36
26 30 34
26 31 33
25 31 35
26 31 34
27 32 33
25 31 37
25 31 38
26 32 37
26 32 36
26 32 35
27 33 35
25 31 36
26 31 36
26 31 35
26 32 34
27 32 34
27 33 33
27 33 34
27 34 34
26 38 11
27 38 10
27 38 11
27 37 10
28 37 11
28 38 11
26 37 11
25 36 11
26 36 10
26 37 10
27 36 10
21 41 26
20 40 26
21 42 26
22 42 25
30 38 23
30 39 23
30 39 22
30 40 23
30 40 22
29 41 23
30 41 22
29 42 23
29 42 22
30 42 21
30 41 21
30 41 20
22 38 20
22 37 20
26 30 32
27 31 32
27 31 31
27 32 32
27 33 32
27 33 31
27 32 31
27 32 30
27 33 30
27 32 29
27 44 20
27 44 19
26 43 18
27 43 19
28 43 19
26 43 17
27 43 18
26 42 17
27 42 17
28 43 18
28 42 17
26 44 20
25 44 20
26 43 19
16 34 33
17 33 34
17 33 32
17 32 34
17 32 33
18 32 32
17 33 33
17 31 34
18 31 32
17 31 33
17 30 33
18 31 33
20 39 34
19 38 34
20 39 35
18 37 34
17 37 34
18 37 33
18 38 33
19 38 33
18 38 32
19 38 32
19 39 32
19 39 31
19 38 31
19 39 30
20 39 31
30 30 14
30 30 15
31 30 16
31 30 17
31 31 18
31 31 17
31 30 15
31 30 14
32 31 16
32 31 18
32 32 18
32 31 17
33 32 18
32 32 17
34 33 18
33 32 17
33 32 15
34 33 15
34 33 14
35 34 15
34 34 14
34 34 13
33 33 13
31 32 13
32 32 13
32 32 14
33 32 14
33 33 14
30 31 13
31 31 14
29 30 13
30 31 12
34 34 18
34 33 17
34 34 17
34 35 18
34 35 17
35 34 16
34 34 16
33 32 16
34 33 16
34 34 15
32 32 19
33 33 19
32 33 20
32 33 21
33 33 20
33 32 19
32 32 15
32 32 16
32 31 15
32 39 13
32 40 14
31 40 12
31 39 12
30 39 11
33 39 12
32 39 12
34 32 17
24 40 16
24 39 16
25 41 15
25 42 15
24 41 16
23 39 17
23 38 17
24 39 15
24 40 15
25 40 15
31 41 19
30 41 19
30 42 18
29 43 17
23 39 19
23 39 18
24 41 17
23 38 18
24 40 17
24 42 16
31 39 22
30 40 21
31 39 21
30 40 20
31 40 20
22 39 19
22 38 19
22 37 19
22 36 19
23 37 18
29 40 24
29 41 24
28 42 24
28 42 23
28 43 22
28 43 21
29 42 21
29 42 20
27 44 21
28 43 20
28 42 19
28 42 18
29 42 19
29 42 18
23 42 21
23 44 21
23 43 21
24 44 21
23 43 20
23 44 22
23 42 22
23 43 22
24 44 23
23 44 24
23 44 23
24 44 22
26 44 22
25 44 21
26 44 21
26 44 23
25 44 22
25 44 23
30 38 25
30 39 25
30 38 24
30 39 24
29 41 25
27 43 22
28 43 23
27 43 24
27 43 23
20 30 28
20 30 27
20 31 27
20 31 26
21 31 25
20 32 25
20 32 26
20 33 25
20 33 26
20 34 25
20 34 24
20 32 27
21 32 25
21 32 24
21 33 24
20 33 24
21 31 24
22 31 24
21 31 26
21 30 26
22 31 25
23 31 24
22 32 24
28 40 28
28 39 28
28 40 27
27 39 29
27 39 30
27 39 31
26 39 32
26 39 31
27 40 29
26 39 33
25 38 34
25 38 35
27 40 30
27 40 28
29 36 26
29 37 26
29 36 25
30 36 24
29 38 26
28 43 15
27 43 14
28 42 14
29 42 15
29 41 14
29 43 16
27 42 16
26 42 15
28 43 16
27 43 16
27 43 15
26 41 14
31 37 23
34 34 19
34 35 20
34 35 19
33 34 20
32 34 21
32 35 22
32 35 21
31 36 22
32 36 22
32 37 22
33 35 21
33 35 20
33 36 21
27 42 14
27 41 14
28 41 14
26 40 14
26 42 14
34 39 15
33 39 14
33 39 13
34 36 20
34 37 20
32 37 21
32 38 21
33 37 20
34 37 19
33 38 20
34 38 19
33 39 18
33 39 17
34 39 17
33 38 19
34 38 18
34 39 16
34 36 18
34 36 17
34 37 18
34 37 17
34 38 17
34 38 16
32 39 16
33 39 15
33 39 16
32 39 15
32 40 15
34 36 19
32 38 22
32 38 20
32 38 19
32 39 19
26 29 16
27 30 16
26 29 15
28 30 17
28 30 16
29 31 17
29 30 16
30 31 18
30 31 17
29 31 16
28 30 15
27 30 15
28 30 14
29 31 15
25 29 16
27 30 17
25 29 17
25 30 18
26 30 18
28 30 18
29 31 18
26 30 17
27 30 18
22 33 22
22 32 22
23 32 22
22 32 23
23 31 23
24 32 24
25 32 24
27 33 25
28 34 25
27 33 24
26 33 24
24 32 23
25 32 23
26 33 25
26 33 23
28 34 24
27 33 23
24 32 22
25 32 22
28 34 23
27 34 23
29 34 23
29 35 24
25 33 22
26 33 22
26 31 31
26 30 31
26 30 30
27 31 30
26 31 29
26 32 28
26 31 28
25 31 28
26 32 29
26 31 30
24 30 28
24 30 29
25 30 30
25 30 29
24 29 29
25 30 31
24 30 30
29 35 25
30 41 16
30 42 16
30 41 15
30 41 17
30 41 18
31 41 18
30 42 17
24 38 13
23 37 14
24 37 13
23 36 13
23 37 15
23 37 16
23 35 16
22 34 17
23 35 15
23 36 16
23 36 15
23 36 14
22 34 20
22 34 19
22 35 19
22 34 18
22 35 18
22 35 17
23 36 17
26 39 12
25 39 13
26 39 11
25 38 12
34 35 15
34 35 14
34 36 14
34 37 15
34 38 15
34 38 14
34 39 14
33 38 13
34 36 15
34 37 14
33 37 13
34 35 13
33 36 13
34 36 13
34 37 16
34 36 16
34 35 16
35 35 15
26 34 11
26 33 11
27 33 11
26 31 12
27 32 12
27 32 11
28 32 11
26 35 11
26 32 12
26 32 11
27 31 12
24 35 13
24 36 12
25 35 12
25 33 13
26 33 12
25 34 12
25 34 13
24 35 12
25 33 12
25 35 11
27 35 11
26 36 11
27 34 11
28 33 11
28 34 11
28 35 11
17 35 34
18 36 33
17 34 33
17 35 32
17 36 32
18 37 31
19 38 30
17 35 33
17 36 33
18 37 32
16 34 34
31 36 23
31 35 22
31 34 21
31 36 24
31 35 23
30 37 25
30 37 24
31 37 24
23 28 33
23 28 34
24 29 33
24 29 35
24 29 34
25 29 35
25 29 34
25 29 33
25 30 33
22 27 33
24 28 35
25 30 36
25 30 37
25 30 35
25 30 34
20 39 28
20 39 27
20 40 27
21 41 27
19 38 29
17 35 31
18 36 30
19 38 28
19 39 29
18 36 32
18 36 31
18 37 30
18 37 29
19 38 27
19 30 31
18 31 31
19 31 30
19 30 30
19 30 29
19 29 33
20 28 33
18 29 33
18 30 33
18 30 32
19 30 32
19 29 32
20 28 32
20 29 31
20 29 30
20 30 29
16 33 35
15 33 36
16 32 35
21 27 33
21 28 32
26 29 14
27 30 14
26 30 13
27 30 13
23 33 16
22 35 16
23 34 15
24 32 15
23 33 15
24 32 14
24 33 14
24 34 14
23 35 14
23 35 13
23 34 16
23 34 14
25 38 11
25 37 11
24 37 11
24 37 12
24 38 12
25 31 15
24 32 16
24 31 16
25 30 15
23 32 17
23 32 18
24 31 17
24 30 17
25 30 16
25 30 14
25 31 14
24 34 13
25 32 13
25 31 13
25 32 14
24 33 13
26 31 13
26 32 13
26 30 12
22 33 19
24 31 18
22 33 20
23 32 19
23 32 20
24 31 19
24 30 18
22 33 17
22 33 18
23 33 17
23 32 16
25 30 17
28 40 12
27 39 11
28 39 11
27 40 12
28 41 13
29 41 13
27 41 12
24 39 14
25 40 13
23 38 15
23 38 16
22 37 17
22 37 16
24 38 14
22 37 18
22 36 18
22 36 17
26 41 13
26 40 12
26 40 13
24 40 14
23 39 16
23 39 15
22 38 17
25 40 14
24 40 13
27 41 13
32 39 22
31 40 21
32 39 21
32 40 20
31 40 19
31 40 18
32 40 19
32 40 18
32 41 17
31 41 17
31 41 16
31 41 15
30 41 14
30 40 12
30 41 12
29 41 11
31 40 14
31 40 13
31 41 14
30 41 13
32 39 20
32 39 18
31 37 22
31 38 22
31 38 23
29 39 11
29 40 11
32 39 17
32 40 17
32 40 16
31 40 15
29 41 12
29 40 12
25 42 16
30 42 19
23 33 21
22 33 21
23 32 21
23 31 21
23 33 20
24 31 21
24 31 20
25 30 20
25 31 20
24 32 19
25 31 19
26 31 21
27 32 21
29 33 22
30 33 22
29 32 22
28 32 21
29 32 21
27 31 21
28 32 22
31 33 22
31 34 23
31 33 21
31 34 22
30 35 23
30 34 23
25 31 21
26 32 22
27 32 22
27 33 22
28 33 23
28 33 22
30 34 22
25 31 22
30 33 20
30 32 20
29 32 19
30 33 21
26 31 19
27 31 19
26 31 20
27 31 20
28 32 19
28 32 20
29 32 20
30 32 21
28 31 20
30 30 16
31 32 19
31 33 20
29 30 15
30 31 16
25 30 19
26 31 18
28 31 18
27 31 18
28 31 19
29 31 19
30 32 19
30 32 18
29 33 30
28 33 31
29 34 30
28 33 32
29 34 31
29 35 30
28 34 33
28 34 32
28 35 31
29 36 29
29 36 30
29 37 29
29 35 31
28 34 31
20 29 28
21 29 28
21 30 27
21 29 29
22 29 27
22 29 26
22 30 26
22 30 25
22 28 29
22 29 28
22 28 28
29 38 28
29 39 28
29 40 27
28 37 30
29 38 29
28 36 31
27 35 32
28 39 29
28 38 30
28 35 32
27 34 33
28 38 29
29 33 29
29 34 29
29 35 29
29 35 28
29 34 28
29 34 27
29 36 27
29 36 28
29 37 28
29 37 27
29 38 27
29 35 26
29 35 27
23 29 27
24 29 26
23 29 26
24 30 25
23 30 25
23 30 26
23 31 25
25 30 26
26 31 25
25 31 25
27 32 25
28 32 25
25 32 25
24 31 25
24 31 24
28 33 25
26 32 25
29 34 25
29 33 26
29 33 25
29 34 26
29 33 27
29 32 26
29 32 28
29 33 28
29 32 27
28 33 30
28 33 29
28 33 33
22 29 29
23 29 28
25 30 27
24 30 27
24 30 26
28 32 26
26 30 26
26 31 26
27 31 26
27 31 25
27 31 27
28 32 28
26 31 27
27 32 28
27 32 27
28 32 27
25 31 27
28 31 26
21 28 31
20 28 31
21 28 30
21 28 29
21 29 30
20 29 29
19 35 26
20 34 27
20 32 28
20 33 27
20 35 25
19 36 25
19 37 25
19 36 26
20 31 28
20 34 26
20 35 26
20 39 24
20 40 24
20 38 25
19 38 26
19 33 29
19 34 28
18 34 28
18 32 31
18 32 30
18 33 30
18 31 30
19 32 30
18 34 29
19 34 29
19 31 29
19 32 28
19 31 28
19 33 28
19 32 29
19 34 27
19 35 28
19 35 27
19 36 27
19 37 26
26 36 35
25 37 36
26 37 34
27 37 33
27 37 32
26 36 34
26 37 33
25 37 35
25 38 36
26 38 34
26 38 33
26 37 35
26 38 32
27 38 32
27 38 31
27 36 33
27 35 34
26 35 34
27 37 31
27 35 33
26 35 35
27 36 34
27 36 32
28 37 31
23 36 39
24 36 38
24 37 37
25 36 37
25 36 36
24 37 38
24 36 39
18 36 28
19 37 27
19 38 25
19 39 26
18 35 29
18 34 30
18 35 28
18 33 31
18 35 30
18 36 29
18 37 28
17 34 32
17 34 31
17 35 30
19 37 28
17 32 32
17 33 31
13 23 41
15 21 39
15 20 38
14 21 38
14 20 37
13 21 37
13 22 39
13 20 36
14 23 40
13 23 40
14 22 40
14 22 39
13 23 39
13 22 38
15 22 40
14 20 36
13 20 35
13 19 35
25 32 39
25 32 37
24 34 40
23 35 40
24 35 39
25 34 38
25 35 37
26 34 37
26 35 36
24 33 39
25 33 39
24 34 39
25 32 38
25 33 38
26 33 37
25 34 37
24 34 38
24 35 38
25 35 38
26 33 36
26 34 35
27 34 35
26 34 36
26 33 35
24 33 40
23 34 40
22 35 41
23 35 41
21 36 42
22 36 42
18 36 40
17 36 39
17 35 38
16 34 37
13 30 38
12 29 39
13 30 37
14 31 37
14 32 36
14 31 36
13 31 37
22 25 42
23 26 42
22 25 41
23 27 42
23 26 41
22 25 40
24 28 42
23 27 41
24 29 42
24 28 41
23 27 40
23 26 40
22 25 39
23 26 39
22 25 38
25 30 38
25 29 37
25 31 39
25 29 39
25 30 39
25 29 38
24 29 41
25 29 40
24 28 40
24 28 39
24 27 38
23 27 39
23 26 38
25 29 36
25 31 40
25 32 41
25 32 40
24 28 37
23 26 37
23 25 37
24 28 38
23 27 37
23 26 36
24 27 37
23 27 36
24 28 36
25 28 37
22 26 34
22 25 35
22 25 37
23 25 36
22 25 36
22 26 36
19 22 42
20 23 42
20 23 41
20 23 40
21 24 42
21 24 41
21 24 40
21 24 39
22 24 39
22 24 38
16 21 39
17 21 38
16 21 40
17 21 39
18 21 38
19 21 38
17 21 40
18 21 40
18 21 39
19 21 40
19 21 39
19 22 41
20 22 39
20 22 40
20 23 39
20 22 41
19 21 37
16 21 41
17 21 41
19 22 39
20 22 38
21 23 38
21 24 37
20 23 38
21 23 37
20 22 37
21 23 36
22 24 36
21 24 35
21 23 35
21 37 41
17 35 41
17 35 40
16 34 42
16 34 40
15 33 42
15 33 41
15 33 39
16 34 39
15 33 38
17 36 40
17 35 39
16 33 41
16 34 41
16 34 38
16 33 38
18 36 41
18 35 42
17 35 42
20 36 41
19 37 40
19 36 40
18 37 40
20 37 40
19 37 39
19 36 42
20 36 42
19 36 41
18 36 39
18 36 38
18 35 38
17 35 37
16 35 37
15 32 42
14 32 42
14 31 42
13 31 42
13 31 41
13 30 42
13 29 42
12 29 41
13 30 41
13 30 40
12 29 40
15 32 41
13 30 39
12 30 38
14 31 38
14 31 40
15 32 39
15 32 38
14 31 41
14 32 41
14 32 40
15 32 40
13 31 40
14 31 39
14 32 39
15 32 37
12 25 42
12 26 41
12 27 40
12 28 40
12 27 41
13 28 42
12 27 42
12 28 41
12 26 42
12 29 38
25 30 41
24 30 41
25 31 41
25 30 40
17 22 42
18 22 42
18 22 41
17 22 41
18 21 41
24 31 43
23 32 44
23 32 43
24 29 43
24 30 44
24 30 43
23 30 44
23 31 44
23 29 45
23 29 44
22 25 43
22 26 43
23 27 43
23 28 43
22 26 42
23 28 42
16 23 45
17 23 44
16 23 44
18 23 44
19 23 44
18 23 45
19 24 45
17 23 45
20 24 43
21 25 43
21 24 43
19 22 43
20 24 42
20 23 43
19 35 43
21 35 44
20 35 43
21 36 43
20 36 43
22 34 43
22 34 44
23 33 43
23 33 44
22 33 44
21 34 44
20 35 44
13 29 43
13 28 43
13 27 44
13 27 43
13 26 44
13 26 43
12 26 43
13 27 42
15 24 44
15 25 44
14 24 44
14 25 44
14 26 45
15 25 45
15 24 45
21 26 44
22 27 44
22 26 44
23 28 44
23 27 44
24 29 44
20 25 44
20 24 44
21 25 44
22 25 44
19 34 45
19 35 44
18 34 45
18 34 44
18 35 44
14 29 45
14 28 45
14 29 44
13 28 44
13 29 44
14 27 45
13 27 45
13 26 45
18 35 43
16 34 43
15 33 44
15 33 43
17 35 43
15 32 44
14 31 43
15 32 43
13 30 43
15 31 44
14 31 44
14 30 45
14 30 44
15 32 45
15 31 45
17 33 45
17 33 44
16 33 45
16 33 44
14 30 43
16 34 44
17 34 44
17 34 43
24 30 42
24 31 42
24 32 43
24 32 42
24 32 41
17 22 43
18 23 43
19 23 43
17 23 43
18 22 43
16 22 43
16 22 42
23 28 35
23 27 34
23 27 35
23 26 35
22 26 35
22 27 34
20 22 36
20 23 35
19 22 37
20 23 36
21 25 35
21 25 34
20 26 34
21 27 34
13 24 41
14 23 41
15 21 40
13 25 43
14 24 43
15 23 43
13 25 42
13 24 42
14 24 42
15 23 42
15 22 41
21 35 43
22 35 43
22 35 42
23 33 42
23 34 42
23 34 41
24 33 42
24 33 41
15 33 40
15 33 37
16 31 35
16 31 34
18 29 34
19 28 34
20 27 34
21 26 39
22 26 37
21 26 38
21 26 37
21 26 36
21 26 35
21 26 34
21 26 43
21 26 42
21 26 41
21 26 40
22 26 41
22 26 39
21 25 37
21 25 40
21 25 39
21 25 38
20 26 35
21 25 36
22 24 37
21 25 41
21 25 42
17 30 34
35 38 5
34 38 5
33 38 5
33 38 4
35 39 5
34 38 4
35 39 4
32 38 4
31 38 4
32 38 5
34 35 12
34 37 9
34 38 9
35 38 8
35 37 8
34 36 12
34 36 11
34 35 11
34 36 10
33 37 12
34 37 11
33 38 12
33 38 11
34 38 10
34 37 10
35 36 9
35 37 9
35 37 7
35 38 7
35 38 6
36 33 7
35 33 8
36 34 7
35 34 8
35 35 6
34 34 12
35 33 9
35 33 10
35 34 9
35 33 11
35 34 10
35 34 11
35 35 10
35 35 9
35 35 8
35 35 7
35 36 6
35 36 7
35 36 8
35 37 6
33 39 11
32 39 11
32 39 10
33 39 10
32 39 9
33 39 9
31 39 11
31 39 10
30 39 10
30 39 9
31 39 9
31 39 8
32 39 8
33 39 8
33 38 7
32 39 7
31 39 7
32 39 6
33 38 6
32 38 6
34 38 7
34 38 6
33 38 10
33 38 9
34 38 8
33 38 8
29 38 9
30 38 8
29 37 7
29 37 6
30 37 6
29 39 10
29 38 11
29 38 10
28 38 10
28 37 10
29 37 9
28 37 9
29 37 8
28 37 8
29 38 8
30 38 7
30 37 7
30 37 5
30 36 4
28 34 9
29 33 10
29 34 8
29 35 8
28 35 9
27 36 11
28 36 10
28 35 10
28 36 9
28 36 8
28 34 10
28 33 10
29 32 11
29 36 7
29 35 7
30 35 6
29 36 6
30 36 5
30 31 11
31 31 11
30 31 8
31 31 9
31 31 7
29 31 12
29 31 11
29 31 10
30 31 10
29 31 9
30 31 9
31 31 10
31 31 8
31 31 6
31 31 5
30 33 7
30 34 6
29 33 8
29 32 10
29 32 9
30 32 8
29 33 9
30 32 7
31 32 6
31 32 5
31 33 6
30 33 6
31 33 5
31 34 5
30 34 7
30 34 5
30 35 4
30 35 5
34 33 12
34 32 8
35 32 7
35 33 7
34 31 6
34 31 7
34 32 7
34 32 6
34 32 9
34 32 10
35 32 6
34 33 11
34 33 10
34 33 9
35 32 8
36 34 6
36 35 6
35 37 5
35 36 5
36 33 5
36 33 6
36 34 5
35 35 5
34 37 4
31 34 4
31 33 4
32 31 5
32 32 4
32 31 4
31 35 4
32 33 4
31 36 4
31 36 3
33 31 6
33 31 5
32 31 6
34 31 5
35 32 5
32 37 4
31 37 5
31 37 4
37 40 0
36 41 0
36 42 0
37 40 1
36 43 0
35 44 0
33 42 0
32 41 0
34 44 0
34 43 0
35 32 1
36 33 1
36 34 1
35 33 1
36 35 1
36 36 1
36 37 1
36 38 1
36 39 1
36 35 0
36 34 0
35 33 0
35 32 0
36 36 0
36 37 0
36 38 0
36 39 0
32 40 0
31 39 0
31 38 1
31 38 0
31 37 1
31 37 0
31 36 1
31 35 1
31 34 1
31 33 1
31 35 0
31 36 0
31 34 0
31 33 0
32 39 0
32 31 1
31 32 1
32 31 0
31 32 0
33 31 1
34 31 1
34 30 1
35 31 1
36 35 4
36 36 4
36 36 3
36 37 4
36 37 3
36 34 4
35 34 5
36 38 3
36 37 2
36 38 2
36 39 2
37 39 1
36 40 1
35 38 3
35 40 2
36 41 1
35 42 1
36 40 2
35 38 4
35 39 3
36 39 3
35 41 2
36 42 1
34 41 2
35 37 4
34 39 3
33 37 4
34 38 3
33 38 3
34 40 3
34 40 2
35 40 3
35 43 1
34 42 1
33 39 3
34 43 1
31 39 2
31 40 1
32 40 1
32 39 2
33 41 1
31 37 3
31 38 3
32 38 3
31 38 2
32 40 2
33 40 2
32 41 1
32 42 0
33 42 1
33 43 0
33 43 1
32 39 3
33 41 2
31 35 3
31 34 3
31 35 2
31 33 3
32 32 3
31 32 3
31 33 2
31 32 2
31 34 2
31 36 2
31 37 2
31 39 1
35 33 3
36 33 4
36 34 3
36 34 2
35 32 2
36 33 2
35 32 3
36 33 3
36 35 3
36 35 2
36 36 2
34 31 4
35 31 4
34 31 3
35 32 4
35 31 3
34 31 2
35 31 2
33 31 9
33 31 8
32 31 9
32 31 7
31 31 12
32 31 11
32 31 10
33 31 7
32 31 8
33 33 11
33 32 10
33 32 11
32 32 12
33 32 12
32 32 11
33 33 12
33 32 9
31 38 6
30 37 4
31 38 5
31 38 7
32 31 3
33 31 4
33 31 3
32 31 2
33 31 2
33 32 0
33 31 0
34 31 0
34 32 0
35 42 0
35 43 0
32 32 0
32 33 0
33 40 0
34 40 0
34 41 0
35 40 0
35 41 0
34 42 0
33 41 0
36 40 0
32 34 0
33 33 0
33 34 0
32 35 0
32 36 0
34 33 0
34 34 0
33 35 0
34 35 0
33 36 0
32 37 0
32 38 0
33 37 0
33 39 0
35 34 0
35 35 0
35 36 0
34 36 0
35 38 0
35 39 0
35 37 0
34 38 0
34 39 0
34 37 0
33 38 0
7 14 5
6 13 5
7 14 4
6 12 5
7 12 4
7 13 4
6 12 4
6 13 4
8 16 4
7 15 4
7 16 4
7 16 3
7 13 11
8 13 11
7 12 7
8 11 7
7 11 6
7 13 10
7 13 9
9 12 12
9 12 11
10 12 12
10 12 11
9 12 10
9 11 10
9 11 9
8 12 11
8 12 10
8 12 9
7 12 9
7 12 8
8 12 8
8 11 8
11 11 9
11 10 8
10 11 8
10 11 9
9 11 8
8 11 6
11 11 12
11 11 11
10 11 11
11 11 10
10 11 10
11 10 7
10 10 7
11 10 6
10 10 6
10 10 8
9 11 7
9 10 6
7 17 10
7 16 10
7 15 10
7 14 10
7 14 9
7 15 8
7 14 7
7 15 6
7 16 9
7 16 8
7 15 12
7 15 11
7 14 11
7 16 11
7 15 9
7 16 7
7 15 7
7 13 8
7 13 7
7 12 6
7 12 5
7 13 6
7 13 5
7 14 8
7 14 6
9 19 9
8 18 9
7 18 9
8 17 8
9 18 7
8 18 7
9 18 6
8 17 6
9 19 10
8 19 10
9 19 8
8 18 10
7 18 10
8 18 8
9 18 8
9 17 6
9 17 5
8 17 5
9 17 4
11 17 7
10 18 7
10 17 6
13 17 10
13 18 10
13 17 9
12 18 11
12 18 10
11 18 9
12 18 9
12 17 8
11 18 8
11 19 10
10 19 10
10 19 9
10 19 8
10 18 8
11 18 7
14 16 10
13 15 10
13 14 6
13 15 6
13 14 5
13 14 11
13 15 11
13 14 10
13 16 11
13 14 9
13 15 9
13 14 8
14 17 10
14 17 9
13 16 9
14 16 9
13 16 8
13 15 8
13 16 10
13 14 7
13 15 7
13 16 7
12 15 4
11 17 6
13 16 6
12 16 6
13 15 5
12 15 5
11 15 4
12 16 5
11 16 4
12 16 7
12 17 7
11 16 5
10 16 4
10 16 5
10 17 5
12 11 7
13 11 6
12 11 6
12 10 6
11 11 8
11 12 12
11 12 11
12 11 10
12 11 9
12 11 8
7 11 5
8 11 5
9 10 5
7 11 4
11 10 5
10 10 5
10 10 4
9 10 4
8 11 4
13 14 4
12 14 4
11 15 3
10 16 3
9 16 3
13 13 5
13 12 5
12 11 4
12 11 5
12 12 4
12 12 5
12 13 4
13 13 4
11 10 4
8 15 4
8 15 3
7 15 5
4 11 0
3 12 0
2 13 0
1 14 0
5 17 0
4 16 0
3 16 0
2 15 0
1 15 0
8 10 0
9 10 0
5 11 0
6 11 0
7 10 0
7 11 0
10 10 1
10 10 0
11 10 1
11 10 0
8 16 0
7 16 0
12 15 1
11 15 0
12 15 0
10 15 0
9 16 0
6 16 0
9 15 0
13 14 0
13 14 1
13 11 0
13 12 0
13 13 0
12 10 0
12 10 1
13 11 1
13 12 1
13 13 1
7 11 3
6 11 2
8 10 3
9 10 3
7 10 2
7 11 2
5 11 1
6 11 1
8 11 3
6 12 3
4 12 1
5 12 2
4 12 2
3 13 1
6 11 3
5 11 2
5 12 3
3 12 1
2 12 0
2 13 1
6 14 3
6 13 3
4 14 2
4 13 2
3 14 1
5 14 2
5 13 2
5 13 3
2 14 1
2 15 1
6 17 1
7 16 2
5 16 1
8 16 2
6 16 2
5 15 2
4 16 1
3 15 1
6 16 1
5 16 2
5 15 1
4 15 1
6 15 3
8 16 3
7 15 3
7 15 2
6 15 2
7 14 3
4 14 1
10 15 2
12 14 2
12 14 3
10 15 3
9 16 2
11 15 2
11 15 1
8 16 1
9 16 1
10 15 1
10 16 1
10 16 2
7 16 1
5 17 1
9 10 1
8 10 1
9 10 2
10 10 3
11 10 3
10 10 2
8 10 2
11 10 2
7 10 1
12 10 3
12 11 3
12 11 2
12 10 2
13 11 2
13 12 7
13 13 9
13 12 8
13 13 8
13 13 7
13 12 6
13 13 6
13 13 11
12 12 11
12 13 13
12 12 12
12 12 10
13 13 10
13 12 9
12 12 9
12 13 11
12 12 8
12 12 7
7 17 8
7 16 6
8 17 4
8 17 7
8 16 5
7 17 9
7 16 5
12 12 3
13 12 3
13 12 2
13 13 3
13 14 3
13 14 2
13 13 2
12 14 1
12 12 0
12 13 0
12 11 0
11 11 0
3 13 0
2 14 0
11 12 0
12 14 0
11 14 0
11 13 0
4 12 0
4 13 0
5 14 0
5 15 0
4 15 0
3 14 0
5 13 0
5 16 0
4 14 0
3 15 0
9 12 0
10 13 0
8 13 0
10 14 0
8 15 0
10 11 0
10 12 0
9 14 0
9 13 0
8 14 0
7 14 0
7 15 0
6 15 0
8 12 0
6 13 0
6 12 0
5 12 0
8 11 0
9 11 0
7 12 0
7 13 0
6 14 0
18 18 60
19 18 60
18 18 59
19 18 58
20 19 58
21 19 57
20 19 57
21 19 56
20 18 57
21 18 56
19 18 59
20 18 58
18 18 61
17 18 61
18 19 60
19 19 59
17 15 57
16 15 58
18 15 57
17 15 58
18 16 57
16 15 59
16 15 60
15 16 60
17 16 60
14 16 60
13 16 61
15 17 61
16 17 61
16 16 60
16 17 60
17 17 60
17 17 61
18 18 53
18 17 54
18 17 55
18 16 56
19 17 54
19 18 53
19 17 57
19 17 56
20 18 56
20 18 55
19 17 55
19 18 54
17 15 56
17 16 56
17 16 55
17 17 55
17 16 54
17 17 54
17 17 53
20 18 54
20 19 52
21 20 52
21 20 51
21 19 54
21 19 53
22 19 54
22 20 53
20 19 53
16 19 52
15 20 51
16 18 53
17 18 53
16 18 52
15 19 52
18 18 52
19 19 51
18 19 51
20 20 51
20 20 50
19 20 50
19 19 50
18 19 50
18 20 49
19 19 52
19 18 52
19 21 49
20 21 50
21 21 50
20 21 49
20 22 49
20 22 48
18 21 48
19 22 48
20 23 48
19 21 48
19 23 48
20 24 48
21 24 48
21 25 48
21 26 47
17 21 48
16 23 48
17 22 48
17 23 48
18 23 48
18 22 48
18 17 59
18 16 58
19 17 58
19 17 59
19 18 57
17 16 59
17 17 59
18 17 60
17 16 58
16 21 51
17 19 52
17 19 53
16 20 52
17 20 51
16 21 50
17 20 50
16 21 49
17 20 52
17 19 51
18 19 52
27 29 61
28 29 60
27 29 60
28 29 59
29 29 58
28 29 58
29 28 58
29 28 57
28 28 57
27 29 58
27 29 57
28 29 56
27 29 59
28 29 57
30 30 60
29 30 59
29 29 59
29 29 57
28 29 54
28 29 53
28 29 55
29 30 56
28 30 56
28 30 55
28 30 54
27 28 55
27 29 54
27 31 53
27 31 52
26 32 51
27 30 53
27 32 53
26 33 52
26 32 52
25 28 50
25 29 50
24 28 49
26 28 52
26 29 52
25 28 51
25 29 51
26 29 51
24 24 51
24 25 50
23 24 50
24 26 50
23 25 50
24 27 49
23 26 49
23 27 49
23 26 48
23 25 49
22 25 49
22 25 48
24 25 51
25 26 51
24 26 51
25 27 52
25 27 51
24 27 50
23 27 48
23 28 48
22 26 48
22 27 48
24 29 49
23 29 48
27 30 52
24 34 49
24 33 48
23 34 49
23 33 49
23 32 48
29 32 61
29 31 61
28 31 61
29 31 60
29 30 61
29 30 60
28 29 61
28 30 61
29 29 60
26 33 51
25 33 50
24 34 50
25 33 51
25 34 51
26 31 52
25 33 52
21 20 57
21 20 58
22 20 57
22 21 58
23 21 57
22 20 59
23 21 58
23 22 58
23 22 57
24 22 57
25 23 57
18 19 61
19 19 60
20 19 60
21 20 60
21 19 59
20 19 59
24 24 52
23 23 51
22 22 51
21 21 51
24 25 52
25 26 52
14 17 61
14 18 61
15 18 61
14 19 61
14 20 61
15 19 61
16 19 61
16 18 61
26 33 61
27 33 61
26 32 61
27 32 61
27 31 61
28 33 61
28 32 61
27 30 61
26 31 61
26 27 59
27 28 60
27 28 59
26 28 58
21 24 49
21 23 49
21 22 50
21 22 49
22 23 49
22 24 49
22 22 50
23 23 50
22 23 50
22 24 50
23 24 49
27 29 53
27 29 52
26 30 52
26 30 51
26 31 51
25 31 50
25 30 50
25 29 49
25 30 49
22 20 56
23 21 55
24 22 55
25 23 55
25 23 54
22 19 56
23 20 56
23 20 55
22 20 55
23 21 56
24 21 55
25 22 55
24 21 56
25 23 58
25 24 58
26 25 58
26 26 59
26 26 58
25 24 57
26 27 58
26 26 57
23 21 59
24 22 58
26 28 53
27 28 54
25 25 53
27 27 54
27 27 53
26 26 53
26 27 53
26 27 52
25 26 53
25 24 54
24 23 54
26 25 54
24 24 54
26 26 54
25 25 54
26 27 54
25 26 54
24 24 53
24 25 53
22 21 53
23 22 53
23 23 52
23 22 52
22 21 52
23 21 53
21 19 55
20 18 53
21 20 54
22 21 54
23 22 54
22 22 54
24 22 54
23 23 54
23 23 53
21 20 55
23 21 54
27 27 56
27 27 55
26 26 55
26 27 55
25 25 55
27 29 56
27 28 56
26 28 54
24 30 49
24 29 48
24 31 49
24 30 48
24 32 49
24 31 48
24 33 49
24 32 48
23 31 48
23 30 48
25 32 50
25 31 49
17 20 49
16 22 48
17 21 49
25 24 55
26 25 55
25 23 56
25 24 56
26 25 56
26 24 56
27 28 57
27 28 58
27 27 57
26 26 56
24 22 56
23 22 56
24 23 56
24 33 50
25 30 62
25 31 62
26 30 62
24 32 62
24 33 62
25 32 62
15 21 62
16 21 62
17 21 62
17 20 62
16 20 61
18 20 62
18 19 62
17 20 61
17 19 61
23 32 62
24 31 62
16 22 62
11 24 56
12 24 56
12 24 55
12 23 54
12 23 56
12 23 55
12 23 53
13 23 52
12 27 56
12 26 56
12 28 55
12 25 56
12 27 55
12 28 54
12 28 53
14 24 61
15 23 61
14 23 60
14 22 61
13 22 60
15 22 62
15 22 61
14 25 60
13 25 59
13 26 59
13 24 59
13 25 58
13 26 57
13 27 57
14 24 60
13 24 60
13 26 58
14 21 61
13 21 60
13 22 53
14 21 52
13 23 53
13 22 52
11 23 57
11 23 56
12 22 55
12 22 54
14 26 48
14 25 48
15 24 48
14 23 48
15 22 49
15 23 48
15 21 49
14 24 48
13 23 51
14 22 51
14 22 52
15 21 51
15 21 52
16 20 51
12 25 51
12 24 51
12 25 50
12 24 50
12 25 49
14 22 50
15 22 51
15 22 50
15 21 50
12 25 53
12 24 53
12 24 52
19 36 49
18 36 50
18 36 49
17 37 51
17 36 50
17 36 49
23 33 61
24 34 61
22 34 61
23 34 61
23 35 61
23 33 62
22 35 60
21 35 59
21 35 60
20 35 59
20 36 58
19 36 58
19 36 57
18 36 56
25 34 53
25 34 52
25 35 53
24 36 53
24 35 53
24 35 52
21 35 49
20 35 48
22 34 48
22 34 49
22 36 49
22 35 49
23 33 48
22 33 48
17 35 49
18 35 48
20 36 49
19 35 48
23 36 52
23 35 51
22 36 52
23 35 52
21 36 51
22 36 51
22 35 50
24 34 51
24 35 51
23 35 50
23 34 50
21 37 52
21 37 51
20 38 53
20 37 52
20 37 51
18 37 51
19 37 51
20 37 50
19 37 50
19 36 50
13 31 51
12 30 51
13 31 50
12 30 50
13 31 49
12 29 51
11 28 51
12 29 50
12 27 51
12 28 50
12 26 50
12 26 51
12 27 50
12 27 49
12 28 49
15 34 49
14 33 49
16 34 48
14 32 49
15 32 48
15 33 49
15 33 48
16 33 47
17 34 48
17 35 48
14 31 48
14 32 48
15 34 51
14 33 51
15 34 50
14 33 50
14 32 50
13 32 49
13 27 48
13 28 48
13 25 49
12 26 49
13 26 49
13 25 48
13 26 48
12 29 49
20 36 57
19 36 56
19 36 55
18 36 55
18 37 54
18 36 54
18 37 53
16 35 52
16 35 51
17 36 53
17 36 52
17 37 52
17 36 51
19 37 53
19 37 52
18 37 52
12 26 52
12 25 52
11 27 51
12 29 54
12 29 53
12 30 53
12 30 52
13 31 52
13 30 52
12 24 57
12 23 58
12 23 57
12 23 59
12 22 59
12 22 58
11 22 58
12 22 60
11 21 59
11 22 59
22 37 56
21 37 57
23 36 55
24 36 56
23 36 56
24 36 55
23 37 56
24 36 54
23 36 54
25 38 57
25 37 57
25 37 56
24 37 57
24 37 56
24 37 55
24 36 58
25 37 58
24 37 59
24 37 58
24 36 59
24 35 60
24 35 59
23 36 59
23 36 58
23 36 60
22 36 59
22 37 57
22 37 58
23 35 60
13 18 61
12 19 61
13 19 61
13 17 61
12 21 60
13 20 61
12 20 60
11 20 60
11 21 60
13 23 59
25 36 54
25 37 55
28 35 61
28 34 61
27 34 61
29 33 61
27 35 61
26 35 61
26 34 61
25 34 61
25 35 61
25 35 60
26 37 59
27 36 60
25 36 60
26 36 60
23 36 57
24 36 57
26 38 58
25 36 59
25 37 59
25 38 58
13 30 48
14 30 48
13 29 48
13 24 58
13 25 57
13 23 60
12 26 55
12 27 54
17 36 55
17 36 54
16 36 54
20 37 56
20 37 55
20 37 57
19 37 55
19 37 54
21 36 58
21 36 59
22 36 58
16 34 49
16 35 50
17 35 50
14 24 49
14 23 49
13 24 50
14 23 50
13 24 51
13 23 50
22 36 50
12 26 53
12 27 53
12 27 52
11 28 52
11 27 52
12 26 54
11 25 55
12 25 55
12 25 54
12 24 54
21 37 56
21 37 55
20 37 54
21 37 54
20 37 53
22 36 53
23 36 53
21 37 53
22 36 54
22 37 55
13 27 49
13 30 49
20 35 50
20 35 49
20 36 50
12 28 51
20 23 49
21 23 48
21 26 48
23 29 49
24 29 50
21 36 50
22 20 54
26 27 57
25 25 57
26 25 57
26 28 61
26 29 61
26 27 60
26 28 60
26 29 62
19 19 61
19 20 61
20 20 60
20 19 61
15 20 61
26 33 53
25 35 54
25 34 54
27 31 54
27 31 55
28 31 54
26 32 54
27 32 54
29 30 57
28 30 57
28 34 60
27 35 60
28 32 60
26 37 58
26 36 58
26 36 59
26 37 60
25 36 56
25 36 55
25 35 55
14 21 53
15 20 53
15 20 52
13 22 54
14 22 54
14 21 54
16 18 54
16 19 53
16 19 54
15 19 53
17 16 57
17 17 56
16 18 55
15 15 59
15 16 59
12 18 60
13 18 60
12 19 60
12 20 59
13 17 60
14 17 60
11 22 57
12 22 57
12 21 58
12 22 56
13 22 56
13 22 55
16 16 58
13 28 52
13 29 51
13 30 51
14 30 50
14 31 50
15 32 49
13 26 56
13 27 56
12 28 56
13 28 55
15 23 60
14 24 59
14 25 59
16 23 61
15 24 61
17 21 61
18 21 61
17 22 61
22 21 59
21 21 59
24 23 58
22 22 58
23 23 58
24 24 58
18 20 61
19 21 60
19 20 60
20 21 60
21 20 59
15 33 50
16 34 51
17 35 52
16 34 50
23 33 60
22 34 59
22 33 60
22 34 60
21 34 60
22 33 61
24 32 61
24 31 61
25 30 61
25 26 58
25 25 58
25 28 59
25 27 59
24 25 58
25 27 58
25 29 61
25 29 60
20 35 58
13 28 53
12 29 55
13 28 54
18 35 54
25 33 61
25 33 62
25 32 61
26 31 62
26 30 61
15 21 61
12 29 52
13 29 52
13 32 51
16 35 53
15 35 52
13 15 56
14 15 56
14 15 57
15 15 56
15 16 55
14 16 54
14 15 55
13 16 54
14 16 55
12 16 54
13 15 55
15 17 54
15 17 55
11 17 53
11 16 54
12 16 55
11 16 55
12 15 55
12 16 56
12 15 56
13 15 57
12 16 57
11 19 57
11 19 56
11 20 57
11 19 55
11 20 56
11 18 54
11 18 56
11 18 55
11 18 57
11 17 56
11 17 55
11 17 54
12 17 57
11 17 57
12 21 52
13 20 51
13 20 52
14 20 51
14 20 52
13 20 50
13 19 49
14 20 50
12 21 51
12 21 50
12 20 50
13 20 49
12 20 49
13 19 48
15 20 54
14 20 54
14 20 53
13 21 54
13 20 53
13 21 53
12 21 55
12 21 54
12 21 53
12 21 56
13 21 55
11 20 55
11 19 54
11 20 53
11 20 54
11 18 53
11 21 56
11 21 55
10 19 51
10 18 51
10 19 50
10 18 50
10 18 49
11 21 50
11 20 49
11 20 48
10 19 52
11 21 51
11 21 52
12 20 48
10 18 52
10 18 53
10 19 53
11 19 53
10 17 52
10 17 51
10 17 50
10 16 50
10 16 49
10 17 49
10 18 48
11 19 48
12 19 48
11 21 53
11 21 54
10 20 51
10 20 50
10 19 49
10 20 49
10 20 52
11 20 51
11 20 50
10 19 48
30 31 58
30 31 57
29 31 57
30 32 55
29 31 55
29 31 56
28 31 56
26 31 55
30 32 56
30 33 54
30 33 53
30 33 55
30 33 57
30 33 56
30 32 57
30 33 58
30 32 58
29 36 55
28 36 56
28 36 57
28 37 57
27 37 57
30 34 53
30 35 54
29 35 54
29 35 55
29 35 56
30 35 56
29 36 57
29 36 56
29 35 57
30 34 55
30 35 55
30 34 54
30 34 56
30 34 57
30 34 58
26 33 50
26 34 51
26 35 52
26 34 52
26 34 53
27 35 50
27 35 51
27 34 50
27 33 48
27 34 49
27 33 49
26 34 54
26 33 54
26 36 54
26 35 54
26 35 53
27 36 54
26 36 55
26 36 53
27 36 52
27 36 53
26 37 56
28 37 55
27 37 56
27 37 55
26 34 55
26 35 55
29 36 53
29 35 53
28 36 54
29 36 54
28 36 55
30 35 51
30 35 50
30 35 49
28 34 48
28 35 49
27 35 49
28 36 50
29 36 52
29 35 52
27 36 51
30 35 52
30 35 53
31 34 51
30 34 52
30 34 51
31 33 50
31 34 50
31 33 49
31 34 49
31 33 51
30 34 49
30 34 48
28 36 53
29 36 50
29 35 50
29 35 49
28 36 51
28 36 52
29 36 51
29 34 48
31 34 44
30 34 44
30 33 45
29 34 44
30 33 44
29 33 44
29 32 45
30 32 45
29 31 45
31 31 47
30 31 46
30 31 47
29 31 46
29 31 47
31 33 48
31 32 47
31 32 48
31 32 49
31 33 47
31 33 46
32 35 46
32 34 47
32 36 47
32 34 48
32 33 48
32 33 49
32 33 47
30 32 51
31 32 50
29 30 49
30 31 48
29 30 48
30 32 50
31 31 49
31 31 48
30 31 49
30 31 50
30 31 51
30 31 52
28 31 47
28 31 46
28 32 46
27 34 45
27 33 46
27 34 46
27 32 46
28 33 45
27 35 48
28 35 48
27 34 48
27 35 47
27 34 47
27 33 47
27 32 47
27 31 47
27 32 48
28 30 49
28 31 48
28 31 49
27 31 48
27 32 49
27 31 50
27 31 51
29 30 50
28 30 50
28 30 52
29 30 51
28 30 51
28 30 53
28 34 44
29 33 45
28 32 45
31 33 52
31 32 52
31 32 53
30 32 53
31 31 53
30 32 54
30 32 52
28 31 50
27 30 51
27 31 49
27 32 50
26 32 50
31 34 48
26 31 53
30 30 53
29 30 53
30 31 54
30 31 53
27 30 55
29 30 54
26 32 55
26 31 54
26 32 53
29 31 50
29 31 52
29 31 51
30 30 48
32 35 47
32 35 48
31 35 49
29 34 49
28 33 48
31 35 48
31 39 45
31 38 46
31 40 45
30 39 44
31 38 45
31 39 44
31 37 45
31 36 45
31 36 46
31 36 44
31 37 44
30 37 44
30 35 44
31 38 44
30 38 44
30 39 43
30 38 43
30 36 43
31 35 44
30 36 44
30 37 43
29 37 43
29 36 43
29 38 43
29 35 44
28 38 43
28 38 44
28 37 44
28 39 44
28 36 44
28 39 45
28 38 45
27 36 45
28 35 44
27 35 45
27 38 45
27 37 45
27 35 46
27 36 46
28 37 43
28 39 46
28 38 47
28 40 47
28 37 47
28 39 47
28 36 47
27 37 46
28 38 46
27 36 47
32 36 46
31 37 46
31 37 47
31 39 46
31 40 46
30 40 46
31 38 47
31 39 47
31 32 46
31 33 45
30 32 46
30 35 48
29 37 49
29 36 49
28 36 48
29 39 47
29 38 48
28 38 48
29 37 48
28 37 48
28 36 49
31 37 48
30 38 48
30 39 47
29 40 47
30 38 47
30 37 49
31 36 47
31 36 48
31 38 48
31 35 45
31 34 46
31 34 45
32 34 46
10 18 44
11 17 44
9 17 44
10 17 44
12 16 45
11 16 46
11 15 47
12 15 47
12 16 46
10 15 48
10 15 49
11 15 48
10 15 47
10 15 46
9 15 47
8 16 46
8 16 47
8 17 46
7 17 46
7 17 47
9 16 49
9 15 48
9 16 48
9 16 46
11 16 50
11 15 49
13 16 48
13 16 47
12 15 49
11 15 50
11 16 51
12 16 51
12 15 50
12 15 51
10 16 51
13 17 46
12 17 46
12 17 45
13 18 46
12 18 45
11 20 46
11 20 45
12 20 46
11 20 44
12 19 45
12 19 46
12 18 46
10 20 48
10 21 47
11 20 47
10 21 46
12 19 47
13 18 47
13 19 46
13 17 47
13 17 48
13 18 48
14 19 50
15 18 51
15 19 51
14 18 49
14 17 49
15 18 50
13 16 49
14 16 49
13 16 50
14 16 51
14 16 50
15 16 52
15 16 51
14 17 50
11 19 44
11 18 45
11 18 44
11 19 45
12 15 52
11 16 52
12 15 53
11 16 53
11 15 51
15 17 51
15 17 50
15 17 52
14 18 50
15 18 52
15 17 53
15 18 53
13 15 52
13 15 51
14 15 52
13 15 53
15 16 53
15 16 54
14 16 53
14 16 52
14 15 53
15 19 54
14 19 52
10 16 52
12 16 50
13 16 51
12 15 48
8 17 48
9 17 49
9 17 48
9 18 48
9 18 49
7 17 45
7 18 45
6 18 45
6 18 46
6 19 44
6 19 45
6 20 44
5 20 44
5 20 45
7 18 44
7 19 44
6 20 43
8 18 44
8 18 43
7 19 43
7 20 42
8 19 43
7 21 42
8 20 43
9 20 43
7 20 43
9 19 43
7 22 44
8 22 44
9 21 44
8 22 43
8 21 44
8 21 43
10 20 44
8 22 45
9 21 45
10 21 45
9 18 43
10 19 44
7 21 43
7 22 43
7 22 46
7 23 46
8 22 47
8 21 47
6 22 46
7 22 47
9 21 47
9 22 46
7 22 45
8 22 46
6 19 46
6 19 47
5 20 46
7 18 47
9 16 45
10 16 45
11 15 46
11 16 45
9 20 49
9 20 48
9 21 48
7 21 47
8 21 48
8 19 48
8 18 48
9 19 49
7 18 48
7 19 48
6 20 47
7 20 47
6 21 46
6 21 47
7 20 48
8 20 48
8 17 45
30 36 49
18 29 59
17 29 59
17 30 59
17 27 60
17 27 59
17 28 59
16 28 59
16 30 58
16 31 58
16 26 60
16 27 59
15 27 59
16 27 60
15 25 60
15 26 59
15 24 60
15 25 59
16 25 60
19 32 59
18 31 59
18 30 59
17 31 58
17 31 59
19 30 59
20 33 59
19 33 59
21 33 60
21 32 60
16 29 59
16 29 58
15 28 59
18 32 58
18 24 63
19 24 63
19 23 62
20 24 63
20 24 62
21 24 62
21 25 63
21 25 62
22 25 63
22 25 62
23 25 61
21 23 61
22 24 61
20 25 63
19 24 62
20 23 62
21 23 60
22 23 60
21 22 59
22 23 59
22 24 60
23 25 60
23 24 59
23 25 59
24 24 59
19 22 61
19 22 60
20 23 61
20 22 61
20 22 60
20 22 59
19 22 62
18 24 62
18 23 61
17 24 61
18 22 61
17 23 61
16 24 61
16 24 60
17 25 61
17 25 60
17 26 60
18 23 62
18 22 62
18 24 61
18 25 61
23 27 63
23 28 63
23 29 63
23 29 62
22 26 63
23 26 62
23 27 62
24 28 61
23 26 61
23 28 62
24 26 60
23 27 61
24 27 61
24 28 60
24 27 60
24 27 59
24 28 59
24 26 59
22 27 63
22 28 63
24 29 61
24 29 60
23 30 62
22 30 62
22 31 61
23 31 61
22 32 61
24 30 61
23 30 61
21 31 60
17 25 64
18 25 63
16 27 63
17 26 64
17 26 63
17 25 63
17 25 62
18 30 60
17 29 61
18 28 60
18 29 60
17 28 63
17 28 61
17 27 62
17 27 61
17 28 62
17 26 61
17 26 62
16 28 64
16 26 64
16 28 65
16 27 65
16 27 64
21 30 64
21 31 64
19 29 61
19 30 61
22 22 59
23 22 59
23 23 59
24 24 60
18 21 60
19 21 61
21 21 60
20 21 59
22 22 60
23 23 60
24 25 59
25 26 59
25 28 60
24 25 60
25 26 60
25 27 60
14 32 51
14 31 51
15 33 51
20 21 61
16 22 61
23 32 61
14 29 56
13 28 56
13 29 56
13 30 55
13 28 57
13 29 55
16 34 52
15 33 52
18 35 55
17 35 54
17 35 53
18 35 56
17 35 55
16 34 55
16 35 54
19 35 56
18 35 53
19 35 55
17 34 57
16 33 57
15 32 56
16 33 56
17 34 56
13 30 54
14 32 55
14 31 55
14 31 54
15 34 54
15 33 53
16 34 53
15 33 55
15 33 54
14 31 56
14 30 56
14 30 55
13 30 56
14 26 59
14 26 58
14 27 59
15 24 59
21 34 59
20 34 59
17 30 58
15 30 57
15 31 57
14 28 58
15 29 58
15 29 57
14 29 57
14 27 58
16 31 57
15 30 58
17 32 57
16 32 57
17 33 57
17 32 58
19 34 58
18 33 58
18 34 58
18 34 57
14 28 59
15 28 58
19 34 59
18 33 59
17 33 59
16 32 58
17 33 58
15 29 59
19 35 57
18 35 57
19 35 58
14 32 54
14 31 53
14 32 53
13 29 53
15 34 53
14 34 52
14 32 52
13 29 54
13 30 53
13 32 53
14 33 53
13 31 53
13 32 52
14 33 52
14 27 47
14 26 47
13 29 47
13 28 47
14 28 47
14 29 47
14 30 47
15 31 47
15 32 47
20 24 47
21 25 47
21 26 46
19 23 47
20 25 46
20 25 47
21 25 46
19 24 47
19 24 46
19 23 46
18 23 47
16 23 47
17 23 47
15 24 47
14 25 47
20 35 47
19 35 47
19 34 47
18 35 47
18 34 47
23 31 47
23 32 47
23 29 47
23 30 47
23 29 46
22 28 47
22 28 46
22 27 47
22 27 46
21 34 48
22 33 47
22 34 47
21 34 47
17 34 47
14 26 46
14 27 46
14 28 46
14 29 46
15 31 46
15 32 46
14 30 46
20 25 45
21 26 45
20 24 46
18 23 46
18 24 45
16 23 46
17 23 46
15 24 46
14 25 46
14 25 45
18 34 46
19 35 46
19 35 45
20 35 45
20 35 46
23 32 46
23 31 45
23 30 46
23 31 46
23 30 45
22 27 45
23 28 45
22 33 46
21 34 46
23 32 45
22 33 45
21 34 45
17 33 46
16 33 46
17 34 46
23 28 47
18 32 59
15 34 55
14 33 55
17 35 56
16 35 56
16 35 55
15 34 56
18 36 57
14 32 56
15 33 56
16 34 56
27 38 55
26 37 54
26 37 55
25 37 54
25 33 54
26 30 55
25 32 54
29 30 58
27 30 56
28 35 59
29 34 58
29 34 59
29 34 60
28 36 58
30 35 58
29 35 58
30 35 57
28 36 59
29 36 58
28 37 58
29 37 57
27 36 58
27 36 59
26 37 57
28 37 56
26 38 55
28 33 60
29 33 60
29 33 59
30 32 59
29 32 60
29 31 59
30 30 58
30 30 57
31 34 57
30 36 57
29 37 56
30 36 56
31 35 56
31 32 57
31 33 57
28 38 56
28 38 55
11 22 56
11 22 55
10 22 55
16 16 57
16 17 55
16 15 56
16 16 55
16 16 56
16 15 57
16 17 54
16 15 54
16 15 55
16 16 54
12 17 59
11 16 58
12 18 59
12 19 59
11 20 59
11 19 58
11 20 58
11 17 58
11 18 58
10 19 57
11 21 57
10 21 56
10 20 57
12 17 58
12 16 58
13 17 59
13 16 58
13 18 59
14 16 59
14 15 58
12 15 57
14 16 58
13 15 58
14 14 57
15 15 58
15 16 58
15 15 57
14 14 56
15 14 55
10 18 57
11 16 57
10 18 56
9 19 57
9 19 56
9 20 57
10 17 57
11 16 56
10 17 56
13 14 56
13 14 57
15 15 55
10 20 56
15 16 56
13 27 58
14 30 57
13 29 57
15 32 57
14 31 57
14 28 57
2 26 43
2 26 42
3 26 43
3 26 42
2 27 42
4 26 43
4 25 43
5 25 44
1 26 43
2 26 44
3 25 44
3 25 43
4 25 44
2 25 44
2 25 45
3 25 45
1 25 44
0 25 43
0 26 43
2 26 40
3 25 40
3 27 40
4 24 41
4 25 41
5 23 41
3 26 40
3 26 41
3 27 41
5 24 42
4 25 42
4 26 41
5 24 41
5 25 42
6 24 42
6 24 43
2 24 45
2 24 46
2 24 47
3 23 47
3 24 46
3 24 47
2 26 46
3 26 46
3 25 46
3 26 45
3 27 46
4 23 46
4 24 47
3 26 47
2 27 46
0 25 44
1 24 44
1 24 45
3 25 47
2 27 47
3 27 47
2 25 46
2 26 47
2 25 47
0 26 44
1 26 45
2 27 45
3 27 45
3 28 45
4 26 45
3 28 44
3 27 44
3 26 44
4 26 44
4 27 45
2 28 45
2 28 44
1 27 44
4 27 44
4 28 44
4 28 43
4 27 43
3 27 43
3 28 43
1 26 42
1 27 42
2 27 41
2 26 41
3 27 42
2 28 42
4 26 42
4 28 42
4 27 42
2 27 40
3 28 41
2 27 43
1 26 44
4 25 45
4 23 42
3 25 41
3 24 42
2 25 42
2 24 42
1 25 42
2 24 43
3 23 42
3 22 43
2 23 43
3 22 44
1 26 41
2 25 41
0 26 42
1 25 43
1 24 43
2 23 44
1 27 43
3 23 44
2 24 44
2 23 45
3 28 42
1 27 45
2 26 45
2 27 44
3 23 45
4 22 45
3 23 46
4 24 45
5 24 45
4 24 46
5 23 44
5 24 43
5 23 45
5 24 44
5 25 43
27 44 43
28 45 44
27 43 44
28 46 42
28 46 43
27 45 43
28 47 43
28 45 43
28 47 44
28 46 44
27 45 44
29 47 44
27 44 44
28 44 44
29 46 45
28 45 45
29 45 46
28 44 46
28 44 45
28 43 45
29 47 45
30 47 45
29 46 46
29 48 44
30 47 44
28 45 41
27 46 41
28 44 42
28 44 41
28 43 41
28 46 41
28 47 41
27 45 42
27 46 42
28 42 41
28 42 42
28 43 42
27 44 42
27 43 42
27 42 43
27 43 43
29 45 47
30 44 46
29 44 48
29 44 47
29 43 47
27 46 47
28 46 47
28 45 47
28 44 47
28 45 46
28 46 46
27 45 46
29 42 46
28 43 47
27 45 47
28 45 48
30 46 45
30 45 46
30 46 46
27 46 48
27 45 48
28 46 48
28 44 48
29 45 48
28 47 47
27 47 46
27 46 46
30 48 45
29 47 46
28 47 45
27 44 46
27 46 45
26 46 46
27 45 45
26 45 45
27 44 45
27 47 45
28 46 45
28 48 45
28 48 43
28 48 44
26 46 45
27 46 44
26 45 44
26 47 44
29 47 43
27 47 44
28 47 42
28 48 42
27 46 43
27 47 43
26 46 44
26 46 43
25 45 43
26 45 43
27 47 41
26 47 42
29 46 42
29 46 43
29 45 42
29 45 43
30 45 43
29 44 42
29 43 42
29 43 43
29 44 43
30 44 44
30 43 43
30 43 44
28 45 42
29 47 42
30 46 44
30 45 44
29 48 43
30 45 45
30 44 45
30 43 45
27 47 42
27 47 47
29 48 45
28 47 46
26 47 45
30 43 46
29 42 47
30 42 45
29 42 45
28 43 46
27 43 45
28 42 45
28 42 46
28 42 44
27 42 44
1 28 43
2 28 43
7 21 44
8 23 45
4 23 43
3 22 45
5 23 43
4 23 44
6 25 43
6 24 44
6 24 45
5 21 46
6 20 46
5 19 44
6 20 45
6 19 43
6 22 47
6 21 45
7 21 45
5 23 42
5 23 46
4 23 45
3 22 42
6 24 41
5 22 41
6 23 42
7 24 43
3 21 44
4 22 46
6 23 44
4 22 42
4 22 43
6 20 42
5 22 46
5 22 47
6 23 46
7 23 47
7 23 44
8 23 44
7 23 45
5 20 43
27 38 43
29 39 44
27 38 44
29 38 44
27 39 45
27 42 42
28 42 43
29 42 43
29 42 44
30 42 46
26 42 43
27 41 45
30 40 47
30 39 46
30 39 45
29 39 46
29 39 45
29 42 41
28 41 42
26 41 43
27 41 43
31 43 44
31 42 45
31 42 44
29 41 46
27 41 44
28 41 46
28 41 45
30 42 43
29 42 42
30 42 44
29 38 42
28 39 43
27 39 43
29 39 43
30 39 42
27 39 44
28 40 46
31 40 44
6 22 42
5 21 42
6 21 42
7 23 42
7 22 42
7 23 43
4 21 45
6 23 45
4 21 43
4 21 44
5 21 44
29 40 42
28 40 42
29 41 42
28 40 43
27 41 42
27 40 43
30 41 46
31 41 45
30 41 45
27 40 44
27 40 45
30 41 43
30 40 43
30 40 42
30 41 42
30 41 44
30 40 44
34 19 38
33 20 37
34 18 37
33 21 37
33 19 36
34 15 34
33 16 33
33 14 33
34 19 39
34 18 38
34 17 36
34 16 36
33 20 36
33 22 36
33 21 36
33 20 35
33 18 35
33 19 35
33 18 34
34 19 37
33 17 35
34 18 36
34 17 35
34 16 35
33 17 34
33 16 34
34 20 39
34 21 40
34 21 39
33 23 40
33 24 41
33 22 39
33 23 39
33 21 38
33 22 37
34 20 38
33 22 40
33 22 38
33 23 44
33 23 43
34 22 43
33 23 42
34 22 42
33 22 41
34 21 41
34 20 40
34 21 42
33 23 41
29 20 37
30 19 38
31 18 38
31 19 37
32 17 38
32 18 38
33 16 39
33 17 38
32 17 37
31 18 37
30 19 36
31 18 36
31 18 35
30 19 37
32 18 47
32 18 46
31 18 46
32 17 45
31 18 45
32 17 44
32 18 44
32 17 43
31 18 43
31 18 44
31 19 44
33 17 42
32 17 42
33 17 41
32 17 41
32 18 41
33 16 40
33 17 40
33 17 39
32 17 40
32 18 39
32 18 42
31 18 39
31 18 40
31 19 40
31 18 42
31 19 41
30 19 42
30 19 41
30 19 40
30 20 40
30 19 39
31 19 38
29 20 39
30 20 38
31 19 43
30 19 43
32 17 39
32 18 40
31 18 41
31 19 42
29 20 38
31 17 35
32 17 36
32 16 34
33 16 36
33 16 37
33 15 36
33 16 35
33 15 33
33 15 34
33 16 38
32 16 35
34 16 37
34 17 37
34 17 39
34 16 38
34 17 38
34 18 39
34 15 36
33 15 35
34 15 35
33 21 48
33 20 47
33 21 47
33 20 46
33 21 46
33 22 46
33 21 45
33 20 45
33 20 44
33 22 44
33 21 44
33 22 45
34 21 43
34 20 42
34 20 43
34 19 42
34 19 41
34 20 41
34 19 40
33 19 46
33 19 44
33 19 45
33 18 44
34 18 40
33 19 42
34 18 41
33 18 41
33 18 42
34 17 40
34 19 43
33 19 43
33 18 43
32 18 48
32 19 48
32 19 47
32 18 45
32 20 48
33 20 48
33 18 45
33 17 43
20 8 40
21 8 40
21 7 39
22 8 41
22 7 40
22 7 39
22 7 37
23 6 37
23 6 36
19 8 42
20 8 42
20 8 41
21 8 42
21 8 41
23 7 39
23 7 38
21 7 40
22 7 38
18 9 39
18 9 40
19 9 39
19 9 41
19 8 39
20 8 38
21 7 38
19 8 40
19 9 40
20 8 39
21 8 39
21 8 38
21 7 37
18 9 42
17 10 41
17 11 43
18 10 43
17 10 42
18 10 42
18 9 41
17 10 40
18 10 46
19 10 47
19 10 45
19 10 48
19 10 46
19 9 44
20 10 49
20 10 47
21 11 50
20 10 48
20 9 46
19 9 45
19 9 43
20 9 44
20 10 46
20 9 45
20 9 43
20 8 43
21 8 43
21 10 47
21 9 46
21 10 49
21 10 48
21 9 47
21 9 45
21 9 44
22 8 44
22 9 45
22 8 42
22 8 43
22 11 50
22 10 48
22 9 47
22 11 49
23 11 49
22 10 47
23 10 48
23 10 47
23 10 46
23 9 45
22 10 46
22 9 46
22 9 44
23 9 44
23 8 43
22 10 49
18 10 45
17 10 44
18 10 44
19 9 42
18 9 43
22 9 41
22 8 40
21 10 40
22 10 40
21 12 40
20 13 39
21 12 39
21 11 39
21 12 38
21 10 39
22 9 40
21 11 38
21 11 40
21 12 41
22 9 42
22 9 43
22 10 43
22 10 41
22 10 45
22 10 44
23 11 47
22 11 46
22 11 45
22 11 44
22 12 45
22 12 44
22 11 43
22 11 42
22 10 42
22 11 41
21 11 41
21 12 42
21 12 43
23 11 46
22 8 39
22 9 38
22 10 37
22 8 37
22 8 38
23 7 36
22 10 39
22 9 39
21 10 38
22 10 38
21 10 37
22 8 36
23 7 37
20 18 49
20 17 48
19 16 48
20 16 47
19 15 47
19 14 46
19 15 46
20 15 46
20 15 45
20 16 46
20 17 46
20 16 45
20 15 44
18 13 45
19 14 45
18 12 45
18 13 44
19 13 44
17 11 44
18 12 43
18 11 42
19 12 42
19 12 41
19 14 44
19 13 42
19 13 43
20 14 42
20 14 44
20 14 43
20 15 43
20 13 41
20 12 40
20 14 41
20 14 40
20 17 47
19 16 47
18 12 44
19 15 45
20 13 40
31 24 43
30 23 44
30 23 42
32 24 42
32 23 40
32 23 41
31 23 42
31 23 41
31 22 40
31 22 39
29 23 45
29 23 44
28 23 46
27 23 47
27 23 48
27 22 45
28 22 44
28 22 43
30 23 43
29 22 42
29 22 41
30 22 41
30 22 40
31 21 39
30 21 40
30 21 38
29 21 40
28 21 41
28 21 40
29 21 39
32 24 41
32 23 42
28 23 45
28 22 45
29 22 43
29 23 43
30 22 42
28 21 42
29 21 41
30 21 39
20 12 39
19 11 39
20 11 39
18 10 39
19 10 39
20 11 38
20 10 38
21 9 38
20 9 38
21 8 37
21 9 37
22 9 37
19 9 38
22 7 36
19 11 40
18 11 41
18 11 40
32 21 37
32 21 36
31 21 37
31 20 36
32 20 36
30 20 37
31 19 36
32 18 35
32 19 35
32 17 34
32 17 35
32 22 39
31 21 38
32 22 38
17 20 75
18 19 74
19 18 74
19 18 73
20 17 73
20 16 72
21 16 72
20 17 72
21 17 71
20 18 72
19 19 72
20 19 71
21 18 71
21 18 70
19 19 73
19 17 73
17 23 73
17 22 73
18 22 72
18 21 73
19 20 72
20 20 71
16 25 74
16 24 74
16 23 74
17 23 74
16 22 74
17 22 74
17 22 75
17 21 74
17 21 75
17 20 74
18 20 73
18 22 73
18 21 72
19 21 72
20 18 71
18 18 75
19 17 76
19 17 75
20 16 75
21 15 75
20 16 74
21 15 74
18 19 75
18 18 74
19 17 74
20 16 76
20 15 77
20 15 76
21 14 77
21 15 76
21 13 77
21 14 76
20 15 75
21 14 75
20 17 74
20 16 73
21 16 73
21 18 76
21 17 76
20 18 76
20 17 76
19 18 76
20 20 75
20 19 76
20 19 75
19 20 75
19 19 75
21 16 77
21 15 77
21 16 76
18 20 75
19 18 75
16 25 75
17 24 75
18 24 75
18 23 75
19 24 76
19 23 75
18 22 75
17 23 75
18 21 75
16 23 75
20 22 75
19 22 75
20 21 75
19 21 75
25 18 73
25 19 73
26 19 72
24 19 74
25 20 72
25 21 73
24 22 74
25 22 72
26 22 72
26 21 71
26 22 71
26 23 71
26 20 72
26 21 72
24 20 74
24 20 73
24 21 74
23 21 75
24 21 73
25 20 73
25 21 72
27 23 71
27 24 70
23 22 75
23 23 74
23 24 74
24 24 73
23 25 74
24 25 73
25 25 72
24 23 73
25 23 72
26 24 71
23 23 75
25 22 73
25 23 73
25 24 72
22 15 76
23 16 75
23 19 75
23 18 75
22 17 76
24 18 74
24 17 74
22 14 77
22 15 77
22 16 76
23 17 76
23 16 76
23 18 76
23 20 75
23 17 75
24 16 74
24 18 73
25 17 73
21 19 76
21 20 75
22 20 75
22 19 76
21 19 75
22 18 76
22 19 75
22 21 75
20 24 75
20 23 75
21 24 75
21 23 75
21 22 75
22 25 75
22 24 75
22 23 75
22 22 75
21 21 75
27 21 71
26 20 71
25 21 70
25 20 71
25 19 72
25 20 70
24 20 71
24 20 70
24 19 71
23 19 71
24 18 72
23 18 72
23 17 72
23 18 71
22 17 71
22 16 72
22 17 72
23 15 75
22 14 76
22 15 75
24 17 73
23 16 74
22 16 74
23 17 73
22 16 73
21 16 74
26 13 59
27 13 58
26 13 58
28 12 58
27 12 57
26 12 57
28 12 57
29 11 57
28 12 56
27 12 56
27 12 55
26 12 55
26 12 54
29 11 56
30 11 56
29 11 55
30 10 55
31 10 55
30 10 54
29 11 54
28 11 54
28 11 53
30 10 53
29 10 53
28 10 52
28 11 55
27 11 53
27 11 54
26 12 53
26 11 52
27 11 52
27 10 51
27 11 51
26 11 51
27 11 50
26 11 50
26 12 56
29 10 54
27 11 55
30 14 55
30 15 56
30 15 54
31 11 55
31 11 54
31 11 53
30 12 56
30 12 55
30 13 57
30 13 56
30 13 54
31 12 54
31 12 53
31 12 52
30 14 57
30 14 58
30 14 56
30 15 58
30 15 57
30 16 59
30 16 57
30 13 55
30 15 55
30 14 54
30 14 53
31 14 53
31 13 52
31 13 51
31 14 52
31 13 50
30 15 53
31 15 51
31 14 51
31 14 50
31 15 50
31 14 49
31 13 53
31 9 53
30 10 52
31 9 52
30 9 51
29 10 51
31 8 51
27 10 50
28 10 49
28 10 51
28 10 50
28 9 49
29 9 50
29 9 49
29 10 52
31 10 54
29 9 51
30 9 50
30 9 49
30 8 49
31 8 50
31 8 49
32 8 50
32 7 49
31 10 52
31 13 49
31 12 50
31 11 49
31 10 51
31 10 53
31 12 51
31 11 52
31 11 51
31 11 50
31 10 50
31 9 50
31 10 49
31 9 49
31 9 51
32 8 49
32 10 49
31 14 48
31 12 49
31 13 48
32 11 48
32 9 48
32 12 48
32 10 48
32 9 49
31 12 48
32 12 47
32 11 47
32 7 48
32 9 47
32 8 47
32 8 46
32 7 46
32 6 45
32 8 48
32 7 47
32 10 47
32 10 46
32 9 46
32 9 45
32 8 45
32 7 45
32 7 44
32 6 44
32 6 43
27 13 60
27 14 60
28 13 59
28 14 61
28 15 62
29 14 60
29 12 58
30 11 57
27 13 59
28 14 60
28 13 60
29 12 57
29 15 60
30 14 59
29 14 59
30 13 58
28 15 61
29 14 61
29 15 61
29 13 59
30 15 59
29 15 59
29 13 58
30 12 57
27 9 49
28 8 48
28 10 48
27 10 49
27 11 49
27 11 48
28 11 48
28 12 48
29 11 47
29 12 47
31 12 47
31 10 46
30 10 46
30 9 45
31 9 45
31 7 44
31 11 47
30 12 47
30 11 47
31 8 45
30 13 48
29 8 49
29 8 48
28 9 48
26 10 49
31 7 49
27 9 48
29 8 47
30 7 47
31 7 47
31 7 46
30 7 45
31 6 44
30 8 47
30 7 46
30 8 48
31 7 48
31 7 45
29 9 46
29 9 47
30 8 45
28 11 47
29 10 47
29 10 46
30 8 46
30 9 46
20 15 69
20 16 69
20 14 68
20 15 68
21 17 70
21 17 69
21 18 69
21 16 69
21 16 68
21 17 68
19 13 68
19 10 57
18 9 57
19 9 56
17 8 57
18 8 57
18 7 56
18 8 56
19 8 56
19 7 56
22 6 57
22 7 57
21 6 57
21 7 57
20 6 56
22 9 57
21 10 57
21 9 57
21 11 57
20 9 57
20 8 56
20 7 56
22 8 57
21 8 57
22 10 59
22 9 59
22 10 60
22 9 60
22 7 58
23 12 63
23 12 62
23 11 62
22 12 61
23 11 61
22 11 61
22 12 60
22 11 60
22 10 61
22 12 59
22 11 59
22 11 58
22 10 58
22 9 58
22 8 59
22 8 58
17 13 61
17 13 62
17 12 60
16 13 63
17 12 61
16 13 64
16 12 62
16 12 63
16 11 61
17 10 59
17 10 60
17 9 58
17 9 59
17 12 62
17 11 60
16 12 61
16 10 60
17 11 61
21 5 56
20 5 56
19 5 55
19 4 55
20 4 56
20 3 56
20 2 55
19 2 55
19 1 55
21 4 56
19 6 56
19 5 56
20 4 55
20 3 55
19 3 55
20 6 59
21 6 59
20 5 58
19 5 59
19 2 56
20 7 60
19 6 59
19 4 58
20 4 58
19 4 57
21 6 58
21 5 57
21 4 57
20 6 58
20 4 57
20 3 57
19 3 57
20 2 56
20 8 61
21 9 61
21 8 60
22 11 62
22 9 61
21 8 59
21 7 60
21 7 59
22 10 62
22 8 60
21 9 60
21 7 58
21 11 65
21 11 64
20 10 64
20 9 64
20 8 63
22 12 63
21 10 63
20 9 62
20 8 62
20 10 66
20 10 65
21 10 64
22 11 63
21 10 62
21 9 62
20 9 63
20 7 61
18 6 56
17 7 57
17 6 57
18 7 57
18 5 56
18 4 56
19 4 56
18 3 56
20 12 66
21 12 66
21 14 67
21 15 68
21 14 66
22 15 66
22 13 65
22 13 64
20 11 66
20 13 67
21 13 66
21 16 67
22 16 67
21 15 67
22 14 66
21 13 65
21 12 65
22 12 65
22 11 64
22 12 64
22 14 65
20 13 68
20 12 67
20 11 57
20 10 57
19 9 57
20 9 56
18 11 58
18 10 57
18 12 59
18 10 58
17 11 59
17 10 58
18 11 59
16 15 68
17 15 68
16 15 67
18 14 68
17 14 67
16 14 66
19 14 68
18 14 67
19 13 67
18 13 66
17 14 66
16 14 65
17 13 65
17 7 58
18 7 59
18 6 57
19 5 58
17 8 58
18 5 57
18 6 58
19 7 59
19 7 60
19 3 56
17 12 63
18 9 60
17 9 60
17 10 61
17 11 63
17 11 62
18 10 62
17 10 62
16 11 62
18 9 62
18 9 61
19 8 61
18 8 61
19 7 61
19 8 60
18 8 60
18 8 59
17 8 59
18 7 58
19 10 64
19 9 63
18 11 64
17 12 65
17 12 64
18 12 65
18 10 63
18 11 65
19 11 65
19 11 66
19 10 65
19 9 64
18 10 64
19 10 63
19 9 62
19 8 62
19 12 66
29 24 69
30 24 68
28 23 69
28 24 70
28 24 69
30 24 69
31 24 69
31 24 68
29 23 68
28 23 68
35 24 56
34 23 56
35 23 55
37 25 56
36 25 56
37 24 56
36 24 56
37 23 55
35 23 56
36 23 55
36 22 55
37 22 55
33 21 57
34 20 57
34 21 56
35 20 57
35 21 56
36 19 56
36 20 56
37 19 56
37 20 56
37 20 55
36 21 56
37 21 55
32 20 58
33 20 58
32 20 60
32 20 61
33 20 59
32 20 62
33 19 61
34 19 59
34 19 58
32 20 59
33 20 57
33 20 60
34 19 60
34 20 58
35 19 58
36 19 58
35 19 57
36 19 57
33 28 63
33 27 63
34 27 62
34 26 60
35 26 59
34 27 61
33 27 62
33 27 61
35 26 60
33 26 60
34 26 59
35 26 58
36 26 58
36 25 57
36 25 58
38 21 54
38 21 55
39 21 54
38 20 55
38 19 56
39 19 55
39 20 54
40 20 54
41 20 54
42 20 54
37 19 57
37 20 58
38 20 56
37 21 58
38 20 57
37 22 59
38 21 58
39 21 56
39 20 56
40 20 55
40 21 56
41 20 55
33 20 61
34 21 61
34 20 60
36 20 59
36 20 58
35 21 60
35 20 60
36 21 60
36 21 59
37 21 59
35 20 59
35 19 59
32 20 63
34 21 62
33 21 64
34 22 64
34 22 63
34 23 65
35 22 64
35 21 61
36 22 62
36 22 61
33 21 63
33 20 62
35 22 63
34 21 63
35 21 62
35 22 62
38 24 56
38 23 55
38 22 55
39 22 54
39 22 55
40 21 54
39 23 55
41 21 54
30 23 67
31 23 67
31 22 66
29 22 67
32 22 65
31 21 64
30 21 65
29 23 67
30 22 66
30 22 65
32 23 66
32 22 66
33 23 66
33 22 65
34 22 65
33 22 64
31 23 66
31 22 65
31 21 65
32 21 64
31 20 63
32 24 68
32 23 67
34 23 66
30 23 68
32 24 67
33 24 67
33 23 67
33 22 57
34 22 56
35 22 56
34 25 58
33 25 58
34 24 57
34 25 57
35 25 57
33 26 59
33 25 59
32 25 67
32 26 67
32 26 66
31 26 68
31 27 68
31 27 67
30 28 68
31 28 67
32 28 66
32 27 66
32 27 65
32 28 65
31 25 69
32 25 68
31 25 68
33 27 64
32 28 64
37 22 58
37 23 58
38 22 57
37 24 57
38 23 56
39 22 56
39 21 57
37 23 57
38 23 57
40 21 55
40 22 55
36 23 60
35 25 61
34 26 62
36 24 59
36 25 59
35 24 61
35 24 60
36 23 59
34 26 61
35 25 60
36 24 58
37 25 57
34 24 65
34 25 64
33 26 64
34 25 63
35 24 63
35 23 62
34 24 64
34 23 64
35 23 63
34 26 63
35 25 62
34 25 62
35 24 62
34 24 63
36 23 61
36 22 60
37 22 60
33 24 66
32 25 66
33 26 65
33 25 65
24 19 70
22 18 70
25 18 72
27 23 70
27 22 70
27 22 71
19 34 67
20 34 67
20 34 68
21 35 67
21 35 66
21 35 65
22 35 64
21 35 64
21 34 63
22 34 63
22 34 62
20 35 68
20 36 65
21 35 63
19 35 67
19 35 66
19 36 67
19 36 66
18 34 66
20 35 67
20 35 66
20 36 66
21 36 66
21 36 65
20 34 66
20 35 65
22 28 80
22 28 79
21 28 79
21 29 78
21 28 78
20 28 77
20 29 77
21 30 77
20 30 77
20 30 76
20 31 75
20 30 75
19 32 74
20 29 76
19 31 74
20 30 74
19 32 73
19 32 72
19 33 71
19 31 73
22 30 75
22 31 74
21 32 73
21 32 72
22 31 73
22 31 72
22 32 71
22 30 77
22 30 76
22 31 76
21 31 75
22 31 75
21 31 74
21 32 74
20 32 73
20 32 72
22 32 72
22 29 78
21 30 76
22 29 77
21 31 76
20 32 74
20 31 74
23 29 74
22 29 74
23 30 73
22 29 76
22 30 73
23 27 75
22 28 75
23 28 75
22 28 76
22 29 75
22 30 74
22 28 78
23 28 78
22 28 77
23 28 76
23 28 77
21 28 77
17 28 78
17 27 79
17 29 77
17 29 78
18 30 76
17 27 80
17 28 79
18 30 75
18 31 75
18 31 74
18 30 74
18 31 73
17 28 77
18 28 77
18 29 77
18 29 76
17 30 77
17 30 76
18 31 76
18 32 73
18 32 72
17 31 75
17 31 74
17 32 73
17 32 72
18 32 71
18 33 71
15 30 76
15 29 76
15 30 75
15 28 76
15 29 75
15 28 75
15 27 75
15 28 74
15 29 74
15 29 73
15 30 73
15 31 73
15 31 72
15 30 72
15 31 71
15 30 74
16 29 77
16 28 78
16 28 77
16 27 78
15 28 77
15 27 76
17 27 78
17 27 77
16 27 77
16 27 76
16 31 73
16 32 72
16 31 74
16 32 71
16 30 75
15 31 74
15 32 71
16 31 72
16 30 76
13 30 68
12 29 68
12 28 69
12 28 68
12 27 69
11 27 68
11 26 69
11 26 68
11 26 67
11 27 67
10 26 67
10 25 67
11 28 68
10 25 66
10 24 66
13 30 69
13 29 69
12 29 69
13 29 70
13 28 70
12 28 70
14 26 70
14 25 69
13 26 69
14 24 68
13 25 68
12 25 68
15 24 68
13 24 67
15 23 67
14 23 67
12 24 67
11 25 67
11 24 66
14 24 67
13 27 70
12 26 69
12 26 68
11 25 68
13 29 66
14 29 66
13 25 67
13 27 66
12 28 66
12 26 66
11 27 66
12 25 66
14 25 67
14 26 66
13 23 67
14 27 66
13 26 66
13 28 66
12 27 66
13 25 66
11 26 66
11 25 66
14 31 68
14 31 67
15 31 67
13 29 67
12 28 67
10 26 66
13 30 66
13 30 67
15 31 66
26 30 68
25 31 68
27 30 67
28 30 67
29 30 66
27 30 69
26 30 69
27 30 68
25 29 70
25 30 69
26 29 69
26 31 67
27 31 67
25 29 69
26 29 68
25 28 70
27 29 68
28 30 66
28 29 67
25 30 66
24 31 66
24 30 66
23 31 65
26 30 66
25 31 67
27 30 66
24 31 68
24 31 67
23 32 68
23 32 67
25 30 68
25 30 67
26 30 67
19 28 78
19 27 79
18 28 78
19 25 81
19 24 82
18 25 81
18 26 79
19 27 80
19 26 80
19 23 83
19 23 84
18 26 80
18 27 79
18 27 78
19 29 76
19 30 75
19 29 77
19 30 74
19 23 82
19 23 81
18 23 81
19 23 80
19 23 79
18 23 79
18 23 80
18 24 79
19 23 78
19 24 77
18 24 77
19 24 75
18 24 76
18 24 78
17 24 76
17 24 77
17 24 78
19 23 77
16 24 76
16 24 75
17 26 78
16 26 76
18 24 80
17 25 77
18 25 79
17 26 77
18 24 81
18 25 80
17 25 79
17 25 78
17 25 76
16 25 76
18 26 78
19 24 81
15 26 75
20 25 81
20 24 82
20 28 78
20 27 79
20 26 79
20 23 83
20 26 80
20 27 78
20 24 76
20 24 77
20 23 78
20 23 79
20 23 80
20 23 81
20 23 82
21 24 79
21 24 80
20 24 78
21 24 78
21 24 77
21 24 76
21 25 75
21 25 76
22 25 77
22 25 76
22 25 74
20 24 81
20 25 80
21 25 80
20 24 80
21 26 79
20 25 79
21 26 78
21 27 78
21 27 77
21 26 77
21 27 76
22 27 76
21 25 79
21 25 77
21 25 78
22 26 76
22 26 75
23 26 75
23 26 74
27 29 70
27 29 69
28 29 69
26 29 70
29 29 68
28 29 68
28 30 68
28 28 67
29 28 68
29 28 67
30 28 67
31 28 66
31 28 68
32 28 67
33 28 65
25 24 73
25 25 73
26 25 72
25 26 72
26 26 72
27 26 72
27 26 71
28 26 71
26 27 72
27 27 72
27 27 71
28 27 71
29 27 71
30 27 70
27 28 71
29 28 70
28 28 71
26 28 71
28 28 70
29 29 70
28 29 70
30 27 69
30 28 69
30 29 69
29 29 69
30 29 68
31 29 67
32 29 66
28 30 69
25 28 71
29 27 70
29 27 69
30 28 70
28 27 70
31 28 69
14 24 69
15 23 68
15 21 68
16 20 67
15 20 67
15 22 68
15 21 67
15 22 67
14 26 69
15 21 65
15 21 66
15 20 64
15 18 62
17 23 63
17 23 64
16 22 63
16 23 64
16 23 65
16 22 64
16 21 64
16 21 63
16 20 62
16 23 66
16 22 65
15 22 65
15 22 66
15 21 64
15 20 63
16 19 62
15 19 62
15 19 63
15 12 63
15 12 62
14 12 62
14 12 61
14 11 60
13 11 60
12 10 59
16 13 61
16 13 62
15 12 61
15 12 60
14 11 61
16 14 61
16 15 61
15 13 61
15 16 61
15 14 60
14 15 60
14 13 60
14 12 60
13 12 59
15 15 61
15 15 60
15 14 61
14 14 60
15 13 60
14 12 63
14 11 62
15 13 65
15 13 64
13 11 61
13 18 65
13 17 65
13 17 64
13 16 64
13 16 63
14 16 65
14 15 65
14 15 64
13 15 63
13 14 63
12 14 62
14 14 64
14 14 65
14 13 63
15 14 65
14 13 64
13 13 63
13 12 62
13 13 62
12 13 61
13 12 61
12 12 60
12 11 60
12 10 60
16 19 67
15 19 67
16 18 68
15 18 67
14 19 66
16 16 68
15 16 67
15 17 67
15 17 66
14 18 66
14 18 65
14 17 66
16 17 68
16 17 67
14 16 66
15 15 66
15 14 66
15 16 66
14 17 63
13 18 64
13 16 62
13 14 61
14 17 62
14 16 61
14 16 62
14 15 61
14 14 61
13 17 63
13 15 62
14 16 63
13 15 61
13 14 60
13 13 61
13 13 60
13 12 60
13 11 59
14 20 66
13 19 65
14 21 66
14 19 64
15 20 65
14 20 65
14 19 65
14 18 64
14 18 63
15 19 64
26 31 68
26 30 64
27 31 63
26 31 65
27 31 64
28 31 63
27 30 62
28 30 62
25 31 66
26 31 66
24 31 65
25 31 65
24 30 65
24 30 64
25 30 64
24 30 63
25 30 63
26 30 63
26 31 64
27 30 63
29 31 62
29 30 62
30 30 61
34 28 60
34 28 61
35 29 59
34 28 62
35 29 61
35 29 60
36 30 58
36 30 59
36 31 58
33 28 62
30 29 61
31 30 60
33 29 60
34 30 59
32 30 60
35 31 59
31 29 61
31 28 61
32 29 61
31 30 61
33 30 60
33 31 59
32 28 61
32 29 60
32 28 60
32 27 61
33 28 60
33 27 60
34 29 60
34 28 59
34 29 59
33 30 59
34 31 59
35 30 59
35 30 58
33 28 64
34 29 62
35 30 61
34 28 63
34 29 63
33 29 64
35 30 60
33 29 65
33 30 62
33 31 62
32 32 62
33 32 61
34 31 61
33 30 64
33 30 63
32 30 64
32 31 64
34 30 62
31 31 64
32 31 63
31 32 64
31 32 63
30 33 64
35 31 60
34 31 60
30 29 67
29 30 67
30 30 66
28 31 67
29 31 66
30 31 65
29 32 65
30 32 65
30 32 64
31 29 66
31 31 65
32 30 65
31 30 65
31 30 66
30 32 63
31 32 62
30 31 63
31 31 62
30 31 62
31 31 61
32 31 60
32 31 61
33 31 60
32 32 61
26 32 67
27 32 66
28 32 66
28 31 66
29 32 64
27 31 65
28 32 65
27 32 65
28 31 64
29 31 64
29 31 63
15 32 69
14 33 71
15 32 70
14 32 72
14 32 73
14 31 74
14 31 75
14 31 73
14 31 72
15 33 70
15 33 69
16 33 69
15 32 68
16 33 68
15 34 72
15 33 72
15 33 71
15 32 73
14 32 74
15 32 72
16 33 70
17 33 68
16 33 71
18 34 68
17 34 69
18 34 67
17 34 70
17 34 68
16 34 71
16 34 69
16 34 70
18 33 67
16 32 73
16 33 72
17 32 71
17 33 71
17 33 70
18 33 69
19 34 68
18 33 70
22 32 75
22 32 74
22 32 76
22 32 73
22 33 72
21 33 72
21 33 71
21 33 70
20 33 71
20 33 72
20 34 70
20 33 70
20 34 69
20 33 68
21 33 69
21 33 68
20 33 69
22 33 69
22 33 70
22 33 71
22 33 68
22 33 73
22 32 70
22 32 69
22 32 68
21 33 74
22 33 74
21 33 73
19 33 70
19 33 69
19 34 69
20 33 73
11 27 70
11 28 70
11 28 71
12 28 71
13 30 71
14 31 71
13 29 71
14 30 70
14 30 71
13 30 70
12 29 71
9 26 71
10 27 71
10 27 70
12 30 70
11 29 70
11 30 69
13 31 68
14 32 68
12 31 69
13 31 69
12 30 69
11 29 69
15 31 68
10 28 70
9 26 70
14 31 70
13 31 70
13 31 71
12 30 71
14 32 69
26 29 71
26 29 72
24 30 70
25 30 71
23 32 71
23 31 71
24 31 71
24 31 72
24 30 71
25 30 72
27 28 72
28 27 72
28 28 72
27 29 71
26 30 71
27 30 71
27 30 70
26 31 71
26 31 70
25 32 69
25 31 69
24 32 69
26 30 70
24 32 68
25 31 71
24 32 70
25 31 70
23 32 70
23 32 69
17 11 48
17 10 47
16 11 47
16 11 46
18 10 47
17 10 46
17 10 45
17 11 45
16 11 49
16 11 48
17 11 46
16 14 52
15 14 51
16 15 53
18 18 56
18 17 56
17 15 55
17 15 54
17 16 53
16 16 53
16 15 52
17 14 54
16 14 54
16 14 53
16 13 54
16 13 53
15 13 52
16 13 52
15 13 51
15 13 50
16 15 51
15 14 50
16 15 50
15 14 49
15 13 49
15 14 48
14 13 48
14 13 47
16 12 52
16 12 51
15 12 51
16 11 50
15 12 50
15 12 49
15 12 48
15 13 48
15 11 48
15 11 46
16 11 45
15 11 45
15 12 45
15 11 44
16 11 44
16 11 43
16 11 42
15 11 42
15 11 41
15 12 41
15 12 42
15 11 43
15 12 43
14 12 42
14 12 41
15 12 40
14 12 40
14 12 39
13 13 39
14 13 38
13 13 38
15 12 44
14 13 39
14 13 46
14 13 45
15 12 47
14 12 46
14 12 45
14 13 44
15 12 46
15 11 47
14 12 43
14 12 44
14 13 43
14 13 42
14 13 41
13 13 40
14 13 40
15 13 47
17 12 44
15 13 41
17 13 44
17 12 43
18 14 45
16 13 43
16 12 42
16 12 41
18 15 45
17 14 44
18 15 46
17 15 44
17 14 43
18 16 46
17 16 45
18 17 46
17 17 45
17 16 44
16 15 43
16 16 43
16 15 42
16 14 43
16 14 42
15 14 42
16 13 42
15 14 40
15 14 41
14 14 40
15 13 40
18 16 45
17 15 45
20 18 48
19 17 48
19 18 48
19 17 47
18 17 47
18 14 46
18 18 55
17 17 52
17 16 51
17 17 51
18 17 51
16 15 49
15 14 47
16 15 48
16 15 47
17 16 50
16 16 51
17 16 49
17 16 48
18 17 50
18 17 49
17 16 47
18 17 48
18 18 54
16 16 52
17 16 52
18 17 53
17 16 46
16 15 46
16 15 44
16 16 44
15 14 46
15 14 45
14 14 45
14 14 43
15 14 43
15 15 43
15 15 44
15 15 42
16 15 45
15 14 44
14 14 44
15 15 45
20 18 51
19 18 50
19 18 49
20 18 50
19 18 51
18 18 51
18 18 50
34 23 45
34 24 45
33 24 44
34 25 46
34 24 44
34 26 46
34 25 45
33 25 44
33 24 43
33 24 42
33 27 52
32 27 53
33 27 51
31 27 54
32 27 52
31 27 53
32 27 51
33 27 50
32 27 50
33 28 49
30 27 54
30 27 53
29 27 55
30 27 52
29 27 54
28 27 55
29 27 53
30 27 51
30 27 50
31 27 52
31 27 51
31 27 50
31 27 49
32 28 49
33 28 48
32 28 48
32 28 47
31 28 48
31 28 49
31 28 47
32 28 46
32 28 45
34 26 48
33 26 49
33 27 47
33 26 46
33 27 45
34 26 47
33 26 48
33 26 47
33 27 49
33 27 48
33 27 46
33 28 47
33 28 46
32 27 36
32 27 37
31 28 35
33 24 40
33 25 41
32 25 39
33 25 42
33 25 40
32 26 39
32 26 38
33 25 43
33 26 42
33 26 44
34 26 45
33 26 43
33 26 41
32 27 40
32 26 40
32 26 37
32 27 38
32 27 39
33 25 45
33 26 40
33 26 45
33 27 44
33 27 43
33 27 42
32 27 44
32 27 43
32 28 44
32 28 42
32 28 41
32 28 40
32 27 41
32 28 39
32 28 37
31 28 36
31 28 37
33 27 41
32 28 43
32 27 42
32 28 38
31 28 38
31 25 40
31 26 39
30 25 41
28 25 45
28 25 44
29 25 44
29 25 43
30 25 43
30 24 43
30 25 42
29 26 42
28 26 42
29 26 41
30 26 41
29 26 40
31 24 42
31 25 42
31 25 41
32 25 40
31 26 40
31 26 38
30 26 40
30 26 39
30 27 38
30 27 37
31 27 37
31 27 35
28 25 43
28 26 43
29 25 42
32 24 40
30 27 39
31 27 38
31 27 36
27 25 46
29 24 45
27 24 46
27 24 47
28 24 45
30 24 44
28 24 46
29 24 44
28 23 47
31 28 46
31 27 45
30 27 49
31 27 47
30 27 47
31 27 46
30 27 46
30 27 45
29 27 51
29 27 50
28 26 54
28 26 53
29 26 51
28 26 50
28 26 51
29 26 49
28 26 49
29 27 47
29 26 47
29 26 46
29 26 45
28 26 47
28 25 48
28 26 46
28 25 46
31 27 48
30 27 48
29 27 52
28 26 52
29 26 48
29 27 49
28 26 48
28 25 47
31 27 43
30 27 43
31 27 42
31 28 42
31 28 41
30 27 44
29 26 44
30 27 42
30 27 41
30 27 40
31 27 40
31 27 41
31 28 40
31 28 45
31 28 44
31 27 44
31 28 43
29 26 43
28 26 44
31 28 39
31 27 39
28 25 51
27 25 50
27 24 49
27 24 50
27 24 48
27 25 49
27 25 47
28 25 50
28 25 49
27 25 45
28 25 53
28 25 52
27 25 52
27 25 51
27 24 51
27 25 48
22 24 63
21 24 63
21 23 62
22 24 62
23 23 61
23 23 62
22 22 61
22 23 61
21 22 61
22 23 62
19 19 57
19 19 56
20 20 57
21 20 56
22 21 57
20 20 59
21 21 58
20 20 58
22 21 56
22 21 55
23 22 55
18 19 57
19 20 59
19 19 58
19 20 58
18 19 58
21 19 51
22 20 52
20 19 56
20 19 55
20 19 54
19 18 56
19 18 55
20 18 52
21 19 52
21 18 50
23 26 63
24 27 62
23 25 62
24 25 62
24 26 62
25 27 61
25 26 61
24 25 61
23 24 62
23 24 61
24 24 61
24 23 57
27 26 56
28 26 55
27 26 57
27 25 55
26 24 57
26 24 55
25 24 59
24 23 60
24 23 59
27 26 58
25 25 60
26 26 60
25 25 61
25 24 60
25 25 59
28 27 56
27 24 54
27 26 54
27 25 54
27 25 53
25 23 53
25 22 53
25 22 52
26 23 53
26 23 52
26 24 52
26 24 54
26 24 53
27 24 52
26 23 51
25 23 51
26 23 50
26 23 49
24 18 43
25 19 44
24 19 42
25 20 43
23 19 41
26 22 47
26 23 46
23 20 40
23 21 41
22 21 39
25 20 45
25 20 44
26 21 45
24 19 43
26 21 46
25 21 45
26 22 46
25 22 45
25 22 44
25 21 44
24 21 43
25 21 43
24 21 42
24 20 43
24 20 42
23 20 41
24 22 43
23 19 44
22 19 43
22 19 45
21 18 48
21 18 47
21 19 47
22 18 47
22 18 46
22 18 45
21 19 46
21 19 45
21 19 44
23 18 45
23 18 44
24 18 44
24 18 42
23 19 43
23 19 42
22 19 44
22 20 43
22 20 42
22 20 41
22 19 42
22 20 40
23 22 48
22 21 48
23 22 47
22 21 47
23 22 46
22 20 48
21 20 48
22 20 47
22 21 46
22 21 45
22 21 44
21 19 48
21 20 47
21 19 49
21 20 46
21 18 49
22 20 46
22 20 45
22 20 44
22 21 43
22 21 42
22 21 41
22 21 40
22 20 51
21 19 50
22 20 50
22 20 49
22 21 50
22 21 51
23 21 52
23 21 51
23 22 51
23 22 50
22 21 49
23 22 49
26 23 48
26 23 47
25 23 48
25 23 47
25 22 47
25 22 46
24 22 48
24 22 47
24 22 46
23 22 45
24 22 45
23 21 44
23 22 44
24 22 44
23 21 43
23 21 42
23 21 40
23 22 43
24 22 52
25 23 50
25 22 51
25 22 50
25 23 49
24 22 53
24 22 51
24 22 50
24 22 49
13 25 69
13 26 70
12 24 69
12 27 70
12 25 70
12 23 69
11 22 69
13 25 70
12 26 70
15 17 68
14 18 67
14 20 67
14 19 67
13 19 67
13 20 67
12 20 67
16 18 67
13 25 72
12 24 72
12 23 71
13 24 73
13 23 72
12 22 71
12 26 72
12 25 72
13 25 73
13 24 72
13 22 72
13 21 72
12 22 72
12 23 72
12 21 71
12 20 71
12 20 70
12 19 70
12 25 71
12 22 70
12 21 70
12 24 71
11 21 69
12 23 70
12 21 68
12 19 67
12 18 66
12 21 69
12 20 68
11 20 68
11 18 66
11 18 67
11 17 66
11 16 65
11 15 65
11 19 67
11 19 68
12 17 66
14 23 69
13 22 69
13 21 68
14 22 68
15 20 68
13 24 69
13 23 69
12 22 69
14 21 68
14 20 68
13 27 71
12 27 71
12 26 71
12 24 70
13 18 70
13 19 70
14 17 69
14 22 72
14 18 70
15 16 68
16 17 69
13 20 71
13 21 71
14 20 71
14 21 71
15 20 70
14 19 70
15 19 70
14 18 69
15 18 69
15 18 70
15 17 69
14 21 72
14 17 67
13 18 67
14 15 66
13 16 66
13 15 66
15 15 67
14 15 67
14 16 67
13 17 66
13 17 67
13 16 67
12 16 66
12 16 65
12 15 65
11 20 69
12 20 69
12 19 69
12 18 69
12 18 68
12 17 68
12 19 68
12 17 67
11 17 67
11 16 66
13 17 68
14 16 68
13 18 69
12 16 67
27 20 70
27 21 70
28 20 69
28 22 69
28 21 69
29 19 68
29 20 68
30 19 67
32 15 63
32 16 64
32 16 63
31 17 65
31 17 64
30 18 66
31 18 65
30 19 66
31 19 65
31 18 64
32 18 63
32 19 62
31 19 63
32 17 64
32 17 63
31 19 64
29 20 67
29 21 68
30 20 66
29 22 68
29 21 66
30 20 65
29 21 67
29 22 66
30 21 66
31 20 64
32 14 62
33 13 61
31 14 62
29 15 62
29 14 62
30 14 61
30 15 63
30 14 62
31 15 62
31 13 61
32 13 61
31 15 63
32 15 62
33 15 63
33 14 62
34 14 62
34 13 61
33 14 61
32 14 61
33 12 60
33 13 60
34 12 60
34 13 60
35 13 61
35 12 60
35 12 59
36 11 59
29 18 66
30 17 65
29 17 65
31 16 64
29 16 64
28 16 63
30 16 63
30 16 64
29 15 63
33 16 62
33 16 61
34 15 61
34 16 60
34 15 60
34 16 59
34 15 59
35 14 59
35 13 60
33 15 62
34 14 60
35 14 60
34 14 61
33 17 62
32 18 62
33 18 61
33 17 61
33 17 60
32 17 62
27 17 65
28 18 66
27 16 64
29 18 67
28 17 66
28 17 65
28 16 64
28 15 63
26 20 70
26 20 69
27 19 69
27 20 69
28 19 68
26 21 70
28 19 69
35 13 59
34 12 59
34 14 59
33 15 59
33 14 58
33 13 58
34 13 59
34 13 58
33 16 59
33 17 59
32 18 61
32 19 61
32 18 60
32 17 59
28 22 68
27 24 69
26 19 68
25 20 69
25 19 68
27 19 68
27 18 67
27 18 66
26 18 67
29 19 67
28 18 67
26 19 67
26 18 66
27 17 66
32 16 59
32 15 58
32 14 58
31 16 59
31 15 58
31 17 59
31 13 60
32 13 59
30 14 60
31 14 59
31 14 61
32 13 60
31 14 60
35 11 59
33 13 59
32 14 59
30 15 60
12 26 74
12 26 73
12 27 73
12 27 72
12 27 75
12 27 74
13 28 71
14 30 72
13 29 73
12 28 74
13 28 72
13 28 73
12 28 73
13 29 72
12 28 72
12 26 76
12 25 75
12 24 76
12 23 77
12 22 78
12 24 75
12 25 74
12 25 76
12 26 75
14 27 75
13 27 75
14 28 74
13 28 74
14 29 73
14 26 76
13 25 76
13 26 75
14 26 75
13 24 77
12 23 78
12 24 77
13 23 74
13 24 74
12 23 76
13 23 76
13 23 75
12 25 73
14 25 75
15 25 75
15 25 74
13 23 77
14 24 76
13 25 77
14 25 76
15 24 75
14 24 75
14 24 74
13 24 75
14 24 73
26 27 73
25 28 72
26 27 74
26 28 73
26 27 75
26 28 74
26 28 72
25 29 74
24 30 73
25 29 73
23 31 72
24 30 72
25 29 71
25 28 75
25 28 74
25 28 73
25 29 72
26 26 75
26 26 74
26 25 76
26 25 75
26 23 79
26 24 78
26 24 77
26 25 77
26 26 76
26 26 73
24 26 77
23 27 76
25 27 76
24 27 75
24 27 76
25 27 75
24 29 74
24 28 75
25 25 78
25 25 77
25 26 77
25 26 76
25 24 74
25 25 74
25 24 76
26 23 77
26 24 76
26 25 74
25 24 75
26 23 78
25 26 73
24 26 76
24 25 77
25 24 77
24 24 76
24 25 76
23 25 75
24 25 75
24 25 74
24 24 74
13 28 67
15 24 67
14 26 67
14 27 67
24 30 67
13 26 63
14 25 63
14 26 63
15 24 63
15 25 63
15 26 63
16 24 63
17 24 63
16 25 63
13 23 65
13 23 66
14 23 65
14 23 66
15 23 64
15 23 66
15 23 65
15 26 64
15 27 64
15 28 65
14 28 64
14 27 64
16 23 63
15 23 63
14 24 63
13 25 63
13 24 63
14 23 63
13 23 63
14 23 62
13 22 62
13 23 62
12 22 62
12 24 62
12 23 62
11 22 62
12 22 63
13 23 64
12 23 64
14 23 64
12 26 64
12 25 65
12 25 64
12 24 64
11 24 63
12 24 65
12 23 63
11 23 62
12 25 63
12 24 63
13 28 65
14 28 65
13 27 65
13 27 64
14 24 66
13 24 66
13 24 65
13 25 65
14 25 66
12 26 65
14 28 66
25 29 63
23 30 64
25 28 63
24 29 63
26 30 65
27 29 65
26 29 65
25 30 65
24 29 64
26 28 63
27 28 62
28 28 62
29 28 62
26 29 64
27 29 64
28 29 64
27 28 63
28 28 63
27 29 63
25 29 65
24 29 65
25 29 64
36 17 47
36 16 46
37 16 46
35 15 46
37 15 46
38 15 46
35 14 46
36 14 46
35 13 46
36 13 45
37 13 45
37 14 46
38 13 45
39 12 45
36 15 46
38 14 46
38 14 45
31 17 48
32 17 47
31 16 48
32 16 47
33 16 47
31 15 49
32 15 48
32 14 48
33 14 47
33 15 47
34 15 46
34 14 46
35 17 47
34 18 47
35 16 47
33 18 47
34 17 47
34 16 46
33 17 47
33 19 48
34 19 47
35 18 47
32 14 50
32 14 49
33 14 50
33 14 49
33 14 51
34 14 49
34 14 48
33 14 48
34 14 47
31 15 55
31 15 54
32 15 53
32 14 52
32 15 52
32 14 51
31 15 53
31 15 52
30 16 58
31 15 57
31 15 56
32 15 54
32 14 53
33 14 52
30 15 52
35 13 48
35 13 49
36 13 48
37 13 47
38 13 46
35 13 47
36 13 47
36 13 46
34 14 50
35 14 48
37 13 46
35 18 49
34 19 49
36 18 48
33 20 49
34 19 48
35 19 48
35 18 48
36 18 47
33 21 50
35 19 50
35 19 49
35 19 51
34 19 52
34 19 51
34 20 53
34 19 50
34 20 54
33 20 55
33 20 54
33 20 53
33 20 56
33 21 56
33 21 55
33 21 54
33 21 53
34 20 52
33 20 52
33 20 51
34 20 51
34 20 50
34 20 49
33 20 50
33 21 52
36 17 48
37 16 47
37 15 47
37 16 48
36 17 46
39 13 46
39 13 45
33 19 58
33 19 57
33 19 56
32 21 58
34 19 54
34 19 55
34 19 53
35 18 51
32 19 60
32 19 59
33 19 59
33 19 55
35 18 50
35 17 50
36 16 49
36 15 49
37 14 48
36 16 48
35 16 51
35 16 50
36 17 49
35 16 49
37 15 48
36 15 48
38 14 47
35 14 49
34 14 51
34 15 51
35 15 50
34 16 51
35 15 49
36 14 49
32 17 58
33 17 57
32 17 57
32 16 57
33 17 56
33 16 56
33 17 55
33 16 55
32 16 56
32 15 55
34 16 54
33 16 54
34 16 53
34 16 52
34 15 52
33 16 53
33 15 53
33 15 54
33 15 52
34 17 52
34 17 54
34 17 55
34 17 53
33 18 56
34 18 55
34 18 53
35 17 52
33 18 58
34 18 54
35 17 51
33 18 57
34 18 52
35 18 52
32 18 59
32 18 58
31 16 58
31 16 57
32 15 56
25 4 47
25 4 48
25 3 47
24 4 48
23 4 48
24 3 48
25 2 47
24 2 48
26 6 47
25 6 47
26 5 47
25 6 48
25 5 48
24 6 48
24 5 48
23 6 48
23 5 48
22 6 48
22 6 49
22 5 48
25 2 48
25 1 48
25 0 48
26 9 49
25 9 49
26 8 48
24 9 49
24 9 48
24 8 48
25 8 48
26 7 48
25 7 48
26 11 49
25 11 49
25 10 49
24 11 49
24 10 49
23 10 49
23 9 49
23 8 49
23 8 48
22 7 49
23 7 48
24 7 48
23 9 48
22 9 49
21 9 50
21 8 49
22 8 49
21 10 50
21 9 49
26 8 52
26 9 51
26 7 51
26 8 50
26 10 50
26 9 50
26 7 49
26 6 48
26 8 51
26 7 50
26 8 49
26 9 53
26 10 54
26 10 53
26 10 55
26 9 52
26 10 52
26 11 56
26 11 55
26 12 58
26 11 54
26 11 53
26 10 51
26 6 50
26 6 51
26 6 49
26 5 50
26 4 50
26 5 48
26 4 48
26 5 49
25 3 48
26 4 49
26 3 49
25 2 49
21 8 50
21 9 51
22 8 51
22 8 50
22 7 51
22 7 50
22 6 50
21 10 56
21 11 56
21 9 52
21 10 52
22 10 55
21 10 55
22 9 54
21 10 54
21 11 55
21 11 54
22 9 53
21 9 53
22 8 53
22 9 52
22 8 52
21 8 52
21 10 53
21 11 53
21 11 52
21 10 51
21 11 51
23 5 49
23 5 50
24 4 49
24 3 49
22 5 49
22 6 51
23 4 49
22 11 57
22 10 57
22 10 56
23 12 61
23 11 60
22 9 56
22 9 55
22 8 54
23 11 59
24 5 51
25 4 50
24 4 50
23 7 51
23 6 51
23 7 52
24 6 51
24 7 52
24 6 52
23 5 51
25 3 49
25 8 52
25 6 51
25 7 51
25 5 50
25 10 55
26 9 54
25 11 59
25 11 58
25 12 59
25 10 57
26 12 59
26 11 58
26 11 57
25 11 57
25 10 56
26 10 56
26 8 53
23 10 59
23 10 58
23 10 57
24 9 56
23 9 56
24 8 55
23 8 55
24 8 53
23 8 53
23 8 54
24 8 54
24 7 53
23 9 55
22 7 52
24 10 58
24 9 57
24 11 59
24 12 61
24 11 60
25 11 60
25 10 58
24 10 57
24 9 55
24 10 59
25 9 56
25 9 54
25 9 55
25 8 54
25 8 53
25 7 52
16 13 60
15 17 60
16 14 60
15 14 59
15 14 58
14 16 57
18 23 63
18 22 63
17 22 62
17 22 63
18 20 60
18 21 62
17 18 57
16 17 58
16 17 57
15 17 58
15 16 57
16 17 56
16 17 59
15 17 59
14 16 56
18 19 59
17 18 59
18 18 58
17 19 60
17 18 60
16 18 60
16 18 59
17 19 59
17 18 58
14 15 54
13 15 54
12 14 52
11 14 51
11 14 50
11 14 49
10 14 48
13 14 53
13 14 54
14 14 54
12 14 51
13 14 55
12 14 53
14 13 54
13 13 53
13 13 52
13 14 52
15 14 57
15 13 59
15 13 58
16 13 59
15 13 57
14 14 55
15 13 56
14 13 55
17 13 59
16 13 58
16 13 57
16 13 56
16 13 55
15 13 54
15 13 55
15 14 52
14 14 51
13 13 50
12 13 49
14 13 50
14 13 51
15 15 53
15 15 52
14 15 51
13 14 50
12 14 49
12 14 50
13 15 50
15 13 53
15 14 53
14 13 53
14 13 52
13 13 51
31 30 59
30 31 59
31 31 58
32 30 57
31 31 56
32 30 55
32 31 54
33 28 59
31 29 60
32 29 59
32 28 59
32 28 58
32 29 58
32 29 57
31 29 59
31 30 58
31 30 57
32 29 56
32 30 56
24 28 63
26 29 63
27 29 62
29 29 61
25 28 62
28 28 61
26 27 61
27 28 61
26 28 62
25 27 62
29 29 56
29 28 55
30 29 55
30 30 56
30 30 59
29 28 56
30 29 57
30 29 56
31 31 57
31 30 56
31 30 55
31 29 54
31 30 54
32 31 55
32 30 54
28 28 60
27 27 59
28 27 58
29 28 59
27 27 60
28 28 59
28 28 58
28 27 57
32 32 50
32 31 51
33 33 49
32 31 53
32 32 52
31 30 53
31 30 52
32 31 52
32 32 51
30 28 55
30 29 54
30 29 53
29 28 54
29 28 53
30 30 52
30 29 52
31 30 51
31 31 51
31 31 52
32 31 50
31 31 50
32 32 49
33 33 48
33 33 47
33 30 53
33 31 52
33 30 51
33 31 50
33 32 50
33 32 49
33 29 53
33 30 52
33 31 51
33 27 59
33 28 58
33 28 57
32 30 53
33 29 56
33 29 55
33 30 54
33 28 56
33 29 54
33 27 58
33 27 57
33 28 55
33 28 54
33 28 53
33 27 56
33 27 55
33 27 54
33 27 53
30 28 53
31 28 52
31 29 52
31 29 51
32 28 51
32 29 51
32 30 50
32 29 50
33 29 49
33 30 49
32 30 49
33 31 49
33 31 48
32 31 49
31 30 50
33 32 48
32 32 48
33 28 52
33 28 51
32 28 52
31 28 53
33 29 50
33 29 51
33 30 50
33 29 52
25 23 74
27 22 74
28 21 74
28 22 73
26 23 73
27 23 72
26 24 72
26 23 74
27 22 73
27 23 73
26 25 73
26 24 73
27 24 73
27 25 73
28 24 72
28 25 73
28 24 73
29 24 72
30 24 72
28 22 74
27 23 74
29 23 73
26 24 74
29 24 73
28 23 73
33 19 69
32 18 70
34 18 69
31 20 69
32 20 69
32 19 69
30 19 70
31 19 69
31 18 70
30 19 71
31 19 71
31 19 70
32 19 71
31 19 72
33 19 71
33 18 70
33 18 69
34 18 70
32 19 70
29 21 74
28 21 73
30 20 73
29 20 73
29 20 72
31 20 72
30 20 72
29 19 71
32 20 71
33 21 71
33 19 70
32 20 72
34 19 70
29 21 73
29 22 73
30 21 72
30 23 72
31 23 71
31 22 72
31 21 72
32 22 71
30 22 72
30 22 73
32 21 71
30 21 73
32 22 69
32 21 69
31 21 69
33 20 69
34 19 69
32 21 70
33 20 70
32 22 70
33 21 70
33 21 69
28 20 70
29 20 70
29 21 70
30 22 70
30 21 70
30 20 70
31 22 69
30 22 69
31 23 69
31 26 69
32 23 69
32 24 69
28 22 70
28 23 70
28 21 70
29 22 70
30 23 69
29 23 70
29 24 70
31 21 70
31 20 70
28 21 71
28 21 72
29 20 71
28 22 71
28 22 72
29 25 71
30 25 71
30 26 70
27 25 72
29 26 70
30 25 72
29 25 72
28 25 72
29 26 71
31 25 71
31 25 70
31 24 71
32 23 70
31 22 71
32 23 71
32 24 70
31 24 70
31 23 72
30 24 71
31 27 69
16 16 74
16 17 74
17 17 73
16 18 74
17 18 74
18 17 73
16 19 74
17 19 74
17 19 73
17 18 73
18 17 72
18 18 73
19 17 72
16 21 74
17 21 73
17 20 73
18 20 72
18 19 72
18 19 73
19 18 72
19 17 71
20 18 70
16 20 74
19 18 71
14 23 73
13 20 73
14 21 73
13 19 72
13 23 73
13 22 73
14 22 73
13 21 73
15 24 74
15 23 74
15 22 73
14 23 74
14 20 73
14 19 73
14 19 72
13 18 72
14 18 72
13 17 72
16 17 73
15 19 74
15 21 74
15 22 74
15 21 73
15 18 73
15 17 73
15 20 74
15 19 73
15 20 73
14 18 73
14 17 72
18 12 70
18 12 69
17 11 70
16 11 69
17 12 69
15 12 68
15 11 69
15 10 69
14 10 69
14 9 69
17 12 70
17 11 69
16 12 69
16 12 68
15 12 72
16 12 71
15 11 71
14 10 70
16 11 70
15 10 70
15 13 72
16 14 73
16 13 72
16 15 73
16 14 72
17 15 73
17 14 72
17 13 71
18 13 71
13 12 70
14 12 71
13 11 70
14 11 71
14 11 70
13 10 69
13 16 72
14 16 72
13 15 71
15 16 73
14 15 72
13 14 71
16 16 73
15 15 73
15 15 72
15 14 72
14 14 72
14 13 71
14 14 71
13 13 71
15 14 73
14 13 72
15 13 68
15 12 69
14 12 69
14 11 69
14 13 69
13 13 70
14 12 70
19 14 70
20 15 70
19 14 69
19 13 69
18 13 70
18 13 69
19 13 70
18 13 68
17 14 68
17 13 68
16 14 68
16 13 68
15 14 68
20 17 70
20 16 70
17 13 69
17 16 73
18 16 72
18 15 72
19 15 71
18 15 71
18 14 71
19 16 71
17 16 74
20 17 71
14 23 72
14 20 72
13 20 72
14 18 71
14 17 71
15 17 71
15 17 70
15 16 70
14 19 71
15 16 69
16 16 69
14 16 71
14 14 70
14 13 70
15 14 69
15 15 70
14 15 70
15 15 69
16 15 69
27 22 46
27 21 44
27 21 43
26 20 44
26 20 43
25 19 43
25 18 42
26 19 42
26 19 41
27 19 40
27 20 41
27 20 42
28 20 40
27 19 39
28 20 39
28 20 38
27 23 46
27 22 44
25 18 43
26 19 43
26 20 42
26 21 44
27 21 42
27 20 40
26 18 40
25 17 40
26 18 39
25 17 39
28 19 38
28 19 37
27 19 38
27 19 37
27 18 37
26 19 40
26 18 41
25 18 41
25 18 40
25 17 41
26 18 38
26 18 37
26 17 37
25 17 38
25 17 37
28 19 34
28 19 33
26 17 33
25 17 33
26 17 32
26 18 32
26 18 31
27 18 31
27 18 32
28 19 31
27 19 30
26 18 30
27 18 34
27 19 33
27 18 33
28 19 32
27 19 32
26 18 33
27 18 30
27 19 29
27 18 29
27 18 28
28 19 36
27 18 36
27 18 35
26 18 36
25 17 36
25 17 35
26 18 35
26 18 34
25 17 34
29 20 35
29 20 36
28 19 35
28 20 36
31 15 48
31 16 47
31 15 47
31 15 46
31 14 46
31 14 45
31 15 45
30 14 44
31 16 46
31 17 47
31 16 45
31 15 44
31 14 44
30 14 43
30 14 42
31 15 43
30 14 40
30 14 39
31 14 47
31 17 46
31 17 45
31 16 44
31 16 43
31 15 42
30 15 41
30 15 42
30 14 41
29 12 46
28 12 46
29 12 45
28 12 45
29 13 44
29 13 43
28 12 44
28 13 43
30 13 42
29 13 42
30 13 41
29 13 41
30 13 40
29 14 39
29 13 40
29 13 39
28 13 40
28 13 41
28 13 42
27 13 41
28 13 39
27 13 40
27 13 39
26 16 33
27 14 38
27 15 37
27 17 32
26 16 34
26 16 35
26 15 36
26 15 37
27 15 36
27 15 35
27 14 37
27 16 34
27 16 33
26 17 31
27 16 32
27 17 31
26 15 35
27 17 33
25 16 38
26 15 38
25 16 37
26 14 39
26 16 36
25 16 36
25 16 35
28 13 46
28 13 45
28 13 44
27 13 43
27 13 44
27 14 44
27 14 43
27 13 42
27 14 41
27 14 40
27 14 39
26 14 40
26 15 39
27 14 42
26 15 40
26 14 41
26 15 41
25 16 39
31 17 39
30 18 38
30 17 38
30 18 37
29 19 38
29 19 37
29 19 36
29 18 36
29 19 35
31 17 40
30 17 39
31 17 41
30 17 40
31 17 42
31 17 43
30 18 41
30 18 39
31 17 44
30 18 42
30 18 40
30 17 37
30 17 36
30 18 36
29 18 35
29 17 35
29 18 34
28 18 34
28 18 33
28 18 32
28 18 31
27 19 31
29 19 34
29 18 33
30 14 38
30 15 38
29 15 37
30 15 39
29 15 36
29 16 36
29 16 35
29 15 35
28 16 34
30 16 39
30 16 38
29 17 34
28 17 32
28 17 31
30 15 37
30 16 37
28 16 33
28 17 33
28 14 38
28 15 37
29 14 38
28 15 35
28 15 36
29 13 48
29 13 47
30 13 47
30 13 46
29 13 45
30 14 48
30 14 47
30 14 46
30 14 45
30 13 44
30 13 45
30 13 43
29 13 46
31 16 41
31 16 40
31 16 42
30 15 40
31 15 41
23 17 42
21 17 45
22 15 41
21 15 42
21 14 40
23 17 44
22 17 45
22 17 43
23 17 43
23 16 41
22 16 42
21 17 47
21 17 46
21 16 44
22 17 44
21 15 43
22 16 43
22 15 42
21 15 41
21 14 41
23 16 42
21 16 45
21 16 43
23 15 40
22 14 39
24 16 39
24 16 41
23 15 38
24 16 38
24 17 41
24 17 42
24 17 40
21 14 39
22 15 40
23 15 39
22 14 38
23 16 40
23 16 39
24 16 40
23 15 33
22 14 34
23 14 32
22 13 33
23 14 31
21 14 35
21 13 36
21 13 34
23 14 33
23 15 37
24 16 36
24 16 35
22 14 37
21 13 38
22 14 36
23 15 36
24 16 34
23 15 35
24 16 37
21 13 39
21 14 38
24 15 36
21 13 37
21 14 37
21 14 36
22 14 35
23 15 34
26 13 39
26 13 38
25 15 37
25 14 37
25 14 36
24 15 35
26 14 38
25 15 38
25 14 38
25 15 36
24 15 34
26 13 40
28 12 43
26 14 42
26 13 37
25 13 37
25 13 36
25 13 35
24 14 35
24 14 34
24 14 33
23 15 32
24 13 34
24 13 33
24 14 32
23 13 32
24 15 33
22 12 38
22 12 40
22 12 39
22 11 40
23 11 45
23 11 44
23 11 43
23 11 42
22 12 41
22 12 42
22 12 43
21 13 40
23 11 48
22 13 36
22 12 37
23 12 38
23 12 36
22 13 34
22 13 32
23 13 33
21 13 35
22 13 35
22 12 36
23 13 35
23 13 34
27 11 44
28 11 45
27 12 43
27 12 42
27 11 42
26 12 40
25 10 40
26 10 41
26 10 40
26 10 42
26 11 41
26 11 40
27 11 43
26 11 42
26 12 41
27 12 41
27 12 40
23 11 40
23 11 41
24 11 40
24 11 41
24 11 47
24 11 44
24 11 45
24 10 44
24 10 45
24 11 43
24 10 43
24 10 42
24 11 42
24 10 41
24 10 40
25 10 42
25 10 43
25 10 41
24 11 46
24 10 46
25 10 39
25 11 39
25 11 38
26 11 39
25 12 38
25 11 37
25 12 37
24 12 36
26 12 39
26 12 38
25 12 36
24 12 35
24 12 34
22 11 39
23 11 39
24 11 39
23 11 38
23 12 37
24 11 38
24 11 37
24 12 37
23 12 34
23 12 35
26 11 48
26 10 47
27 11 47
26 11 47
26 10 46
26 11 46
26 10 45
27 11 46
28 12 47
28 11 46
27 11 45
26 11 44
26 10 44
26 10 43
24 11 48
25 11 48
25 10 47
25 10 46
25 10 45
25 10 44
18 9 46
18 8 46
18 7 46
18 7 45
18 6 45
18 5 45
17 8 46
17 7 46
17 6 46
17 6 45
16 6 46
17 5 45
17 4 45
17 3 45
18 4 45
18 3 45
18 3 44
18 2 45
18 2 44
18 1 44
19 1 44
19 0 44
19 2 44
19 8 46
19 9 46
19 7 46
19 3 45
19 4 45
20 7 46
20 6 46
20 8 46
20 5 45
19 6 45
19 5 45
17 9 47
16 10 48
16 9 47
17 8 47
16 7 46
17 10 48
20 9 48
19 9 47
20 9 47
20 8 47
18 10 56
17 9 55
17 11 57
17 12 59
18 12 60
17 11 58
17 10 57
17 10 56
19 11 58
18 11 57
18 9 55
18 10 55
18 9 54
17 10 55
17 9 54
17 9 53
18 9 53
18 8 53
18 8 52
17 8 52
17 7 51
17 8 51
17 7 50
19 11 57
19 10 56
17 5 48
18 5 48
18 4 47
19 5 48
20 5 48
19 4 47
17 6 49
18 7 50
18 6 49
19 7 50
19 6 49
20 7 50
20 6 49
18 3 46
19 3 46
19 2 45
18 1 45
19 1 45
20 8 50
20 7 49
20 9 50
20 8 49
20 7 48
20 10 50
20 9 49
20 8 48
20 7 47
21 9 54
20 9 51
20 9 52
20 8 52
20 8 51
20 5 47
20 5 46
19 4 46
20 6 48
20 6 47
16 10 49
17 9 49
16 9 48
17 8 50
17 8 49
17 7 49
17 7 48
16 8 47
17 7 47
17 8 48
16 8 48
17 5 47
17 6 47
17 5 46
17 6 48
17 4 47
17 4 46
16 11 51
17 9 50
16 10 50
16 12 53
16 11 53
16 10 52
16 11 52
16 10 51
17 9 51
17 10 51
16 12 54
16 12 55
16 12 56
16 11 55
16 11 54
16 12 57
17 12 58
17 13 60
17 11 56
17 11 55
17 10 54
17 11 54
17 10 53
17 9 52
16 10 53
19 9 53
19 8 52
19 10 55
19 9 54
19 8 51
18 8 51
18 7 51
20 10 55
20 9 54
20 10 56
20 9 53
37 23 43
36 23 43
38 22 42
35 23 43
37 22 42
39 21 41
34 23 44
36 22 43
35 22 43
37 21 42
38 21 42
40 20 41
39 20 41
41 19 40
38 21 41
38 20 41
38 20 42
38 19 42
39 19 41
34 22 44
34 21 44
35 21 43
36 21 43
36 21 42
35 21 44
35 20 44
36 20 43
35 19 44
36 19 43
37 19 43
37 20 42
37 19 42
40 19 40
35 25 45
35 24 44
36 24 44
34 21 45
34 20 46
35 20 45
34 23 55
34 24 56
35 23 54
34 24 58
34 24 55
35 23 53
35 24 53
35 23 52
34 25 56
33 26 58
34 26 57
34 25 55
35 25 54
34 24 54
35 24 54
35 24 52
36 23 51
35 24 51
36 23 49
36 24 50
36 23 48
36 24 49
37 23 47
34 25 54
36 23 50
36 24 51
36 21 47
36 22 47
37 21 46
37 20 46
37 21 45
38 20 44
36 20 48
36 21 48
36 20 47
38 20 45
38 19 44
37 22 46
36 23 47
37 23 46
38 22 45
38 21 44
38 22 44
39 21 43
39 19 43
39 20 43
40 19 42
40 20 42
40 19 41
34 20 48
34 20 47
35 20 48
35 20 47
35 20 46
33 21 49
33 21 51
34 21 53
35 20 50
35 20 49
34 21 54
37 19 44
37 20 45
38 19 43
36 19 44
36 20 44
36 20 45
36 20 46
37 20 44
39 19 42
36 24 47
35 24 47
36 24 46
37 23 45
35 25 46
35 24 46
36 24 45
37 23 44
35 24 45
38 22 43
39 21 42
37 23 42
36 24 48
35 25 48
35 25 50
34 26 51
34 26 50
34 25 48
35 25 49
35 24 48
34 25 50
34 26 49
34 25 47
33 26 57
34 26 56
34 26 52
33 26 54
33 26 55
34 26 54
33 26 56
35 25 51
34 25 52
35 25 52
34 26 53
34 25 53
34 26 55
35 25 53
33 26 53
35 24 49
35 24 50
35 21 49
35 21 50
35 21 51
35 22 52
35 22 51
35 22 50
36 21 49
36 22 49
35 22 53
34 22 54
35 23 51
36 22 50
36 22 48
34 22 55
34 22 53
33 22 55
35 21 52
34 21 52
33 22 56
34 21 55
22 16 68
22 17 69
23 16 68
23 16 69
24 15 68
25 14 68
24 14 66
25 13 65
24 13 65
25 12 64
25 11 63
24 12 64
23 13 64
24 12 63
25 14 67
24 14 67
25 13 67
25 14 66
25 13 66
25 12 66
24 13 66
26 12 65
25 12 65
26 11 65
25 11 64
26 11 64
26 10 64
26 10 63
23 15 67
23 14 65
23 15 68
24 15 67
23 14 67
23 14 66
23 15 66
27 11 63
27 9 63
27 12 63
27 10 62
28 11 62
28 12 61
28 10 61
28 6 60
28 7 60
28 5 59
27 10 63
27 9 62
27 8 62
27 7 62
27 13 63
27 12 62
28 14 62
28 12 62
28 13 62
27 11 62
28 9 61
28 8 61
28 7 61
28 9 60
27 8 61
26 12 64
26 13 65
26 14 66
27 14 64
26 15 65
27 15 63
26 14 65
26 15 66
26 13 64
27 12 64
27 14 63
25 8 60
25 9 61
26 8 60
26 9 62
26 8 61
27 7 60
26 8 62
27 7 61
26 9 63
24 11 62
24 10 61
25 10 62
24 9 61
25 15 67
26 16 66
26 16 65
27 15 64
27 15 65
25 16 68
25 17 69
25 17 68
25 18 68
26 17 67
25 15 68
25 16 67
24 18 69
25 18 69
25 19 69
25 17 67
25 18 67
26 17 66
25 10 60
26 10 59
26 9 59
25 9 60
25 9 59
27 10 59
27 9 59
28 9 58
24 11 61
24 10 60
25 10 59
22 17 70
23 18 70
23 17 70
24 17 70
24 16 69
24 18 70
24 17 69
24 16 68
28 8 60
28 6 59
28 13 61
28 11 60
28 7 59
28 8 59
28 11 61
28 10 60
28 12 60
28 9 59
28 10 59
28 11 59
27 12 59
27 12 60
27 11 59
27 10 58
26 8 59
27 7 59
27 8 59
26 11 59
