2183 20 23 40
10 14 29
10 15 29
10 14 28
10 14 30
10 13 28
9 13 28
9 14 27
10 15 30
9 15 31
8 15 30
9 15 30
10 15 31
8 13 28
7 13 29
7 14 30
7 14 29
8 15 31
7 15 31
7 15 30
7 15 29
9 14 28
8 14 28
8 14 27
7 13 30
11 14 30
10 13 29
9 15 28
8 15 28
9 15 29
8 15 29
9 16 29
9 16 30
8 14 29
8 16 29
6 11 19
5 11 18
5 12 18
5 11 17
4 11 17
4 12 17
6 14 16
5 13 17
5 13 16
5 13 18
5 12 17
4 13 13
3 12 13
3 11 13
3 12 12
3 10 13
2 11 12
3 9 13
3 10 12
2 10 11
4 12 16
4 11 16
3 12 15
4 11 15
3 11 14
4 10 16
4 10 15
4 10 14
3 10 14
4 12 11
3 12 11
3 12 10
5 13 12
3 9 12
5 12 10
4 12 10
6 13 11
5 13 11
3 11 12
2 11 11
7 8 6
7 9 5
6 8 5
6 12 10
6 12 9
7 12 10
4 12 9
3 11 9
3 11 8
2 11 9
2 11 8
3 10 8
3 12 9
4 8 12
8 9 15
8 10 15
8 10 14
9 11 15
9 11 14
8 10 13
4 13 14
4 12 13
4 13 15
4 12 14
4 12 15
3 12 14
7 14 16
6 13 17
8 9 16
7 9 15
7 9 17
7 9 18
7 9 16
6 9 16
6 9 15
6 8 15
4 9 5
4 10 5
5 10 5
4 13 12
3 8 10
4 7 11
3 8 9
5 12 9
6 8 14
7 9 14
6 8 13
2 10 9
2 9 8
7 14 15
8 13 14
8 13 15
5 14 15
5 13 15
5 13 14
7 6 8
7 7 7
7 6 7
7 7 6
7 6 6
6 5 8
6 6 8
6 6 7
5 5 6
6 5 6
6 6 6
6 7 5
5 5 8
5 5 7
6 5 7
6 6 9
6 7 6
3 7 6
3 6 5
3 8 5
5 11 8
4 11 8
4 11 7
3 11 7
3 7 8
3 7 9
3 9 11
3 8 11
2 9 10
2 9 9
2 8 9
2 11 10
2 12 10
2 10 10
2 9 11
7 12 11
8 12 12
8 12 13
7 12 12
8 11 12
7 11 11
4 9 13
4 9 14
5 8 12
5 7 11
2 10 7
2 9 7
2 9 6
2 8 7
2 8 6
4 7 10
5 5 9
5 6 10
4 6 10
5 6 9
3 10 6
3 9 6
3 6 7
4 6 9
3 6 8
4 5 8
4 5 7
3 7 7
3 6 6
4 7 9
6 7 8
7 8 7
8 9 7
7 8 8
8 10 8
8 9 8
7 9 8
7 11 10
7 10 10
6 8 11
7 9 11
6 9 11
7 10 11
6 9 10
6 8 10
7 9 13
2 8 8
3 8 8
5 11 7
4 11 6
5 11 6
6 11 8
3 10 5
4 6 6
6 9 5
7 8 5
6 10 5
5 11 5
5 9 5
6 14 15
6 13 14
5 7 10
8 10 17
9 10 16
8 9 17
6 14 14
6 14 13
5 13 13
9 12 15
9 12 14
7 15 16
7 9 6
7 10 6
6 11 7
6 11 6
4 11 5
7 11 8
7 10 7
6 10 6
7 11 9
7 10 8
3 9 5
5 12 8
5 12 7
6 12 8
3 8 6
2 10 8
7 10 9
6 7 10
7 8 9
7 9 9
6 7 9
7 9 10
7 8 10
6 8 8
6 8 9
5 8 14
5 8 13
9 11 13
5 9 14
4 8 13
6 8 12
8 10 12
7 9 12
8 10 11
8 11 11
7 8 12
7 13 12
6 13 12
4 13 11
7 13 13
7 13 14
6 13 13
5 9 16
5 9 15
5 10 17
5 10 16
4 9 15
5 10 18
6 11 18
11 18 17
11 17 18
10 18 17
10 16 19
10 17 18
9 17 18
8 17 17
9 18 17
8 17 16
9 17 16
11 20 13
10 19 13
11 20 12
9 18 13
9 19 13
10 19 12
10 20 12
12 19 13
12 20 12
12 20 11
11 18 16
11 19 15
10 18 16
10 19 15
11 19 14
12 19 14
12 18 15
11 18 15
10 20 11
10 19 11
10 19 10
9 18 12
9 18 11
13 19 11
13 19 12
10 18 10
9 17 10
9 17 11
9 16 11
11 20 11
12 14 5
13 14 6
13 14 5
9 16 10
10 17 10
10 17 9
10 16 9
10 15 10
10 18 9
11 20 9
11 19 9
11 20 8
11 19 8
12 19 7
14 18 12
13 18 12
10 13 15
11 13 15
10 13 14
12 14 15
11 14 14
10 13 13
9 18 16
9 18 15
9 18 14
10 19 14
11 19 13
8 16 17
7 16 16
12 14 16
12 15 15
12 15 16
12 14 17
12 14 18
12 15 17
12 18 5
12 17 5
13 17 5
12 16 5
14 18 11
14 19 10
14 18 10
13 19 10
14 19 9
12 14 14
13 15 14
13 15 13
12 20 9
12 20 8
13 20 9
12 19 8
13 20 8
7 15 15
8 15 16
8 15 14
8 14 15
8 15 15
8 14 16
9 17 15
8 17 15
8 17 14
14 14 6
14 14 7
14 14 8
15 15 8
15 15 7
16 16 7
15 16 6
14 15 6
16 16 8
15 15 9
15 18 5
14 18 6
14 18 5
15 15 6
11 19 7
11 18 7
10 17 8
11 18 6
14 19 8
13 20 7
10 18 8
14 18 9
13 20 10
13 19 9
11 20 10
12 20 10
9 14 13
9 14 12
9 15 12
10 15 11
9 15 11
10 14 11
10 14 12
13 18 13
12 18 14
13 19 13
13 16 12
13 17 12
13 17 11
14 17 11
12 20 6
13 19 6
12 20 7
14 17 10
15 16 9
15 16 10
15 17 10
12 19 6
16 18 7
15 18 6
15 17 9
15 18 8
16 17 8
16 17 7
15 18 7
16 16 9
15 18 9
12 13 7
13 14 7
12 14 7
12 14 8
11 14 8
13 14 8
11 15 10
12 15 11
13 16 11
11 15 11
11 14 10
12 15 10
13 16 10
12 15 13
12 14 13
11 14 13
14 19 7
10 17 7
11 17 6
10 16 8
10 16 7
14 16 10
15 17 6
16 16 6
12 15 5
11 15 6
11 16 6
11 17 5
11 16 5
13 16 5
8 16 15
8 16 16
14 15 9
11 13 16
10 12 15
11 14 17
8 17 13
8 16 14
9 13 15
8 14 14
9 13 14
7 15 17
12 13 6
11 15 7
11 14 7
11 15 8
11 14 6
12 14 6
12 15 6
10 15 8
13 18 5
12 19 5
10 18 7
15 19 8
14 19 6
13 19 5
13 19 8
10 16 10
11 15 9
11 14 9
12 14 9
13 15 10
14 15 10
14 16 11
12 14 10
13 15 9
14 15 8
13 15 15
13 16 13
13 16 14
13 17 13
9 13 13
13 17 14
10 13 12
11 14 12
11 14 11
12 14 12
13 15 11
13 15 12
11 13 12
9 16 12
9 14 14
8 16 13
9 15 13
8 15 13
9 16 13
9 17 12
12 17 16
12 17 14
12 16 16
12 17 15
12 16 15
13 16 15
11 16 17
11 16 18
11 17 17
11 17 16
8 17 12
6 10 18
6 9 17
11 15 18
11 16 19
10 17 19
8 17 18
6 14 17
10 12 19
11 12 19
10 12 18
11 13 19
11 12 18
10 11 17
11 13 17
11 13 18
11 14 18
11 15 19
10 12 17
11 12 16
10 12 16
9 10 19
9 11 19
9 11 18
10 11 19
10 11 18
8 9 18
7 10 18
8 10 18
9 10 17
9 10 18
7 10 19
8 10 19
9 11 16
10 11 16
8 16 19
7 15 19
7 15 18
7 16 18
8 16 18
9 17 19
9 16 19
6 14 19
6 13 19
6 14 18
5 12 19
11 14 19
11 13 20
11 14 20
11 15 20
10 13 20
10 12 20
7 11 20
8 11 20
9 10 20
8 10 20
7 10 20
9 11 20
9 16 20
10 16 20
10 15 20
6 13 20
6 12 20
8 16 21
8 16 20
6 13 21
6 14 20
7 15 20
7 14 20
7 15 21
7 14 21
6 10 19
6 11 20
9 12 16
16 18 2
15 17 2
14 17 2
14 18 2
14 18 1
16 16 5
16 17 5
16 16 4
15 17 5
16 18 4
16 17 4
16 17 3
16 17 2
16 15 3
16 15 4
16 16 3
16 15 5
15 18 4
14 18 4
14 18 3
15 18 3
15 18 2
14 17 3
13 17 3
13 18 4
13 17 4
13 16 3
13 16 4
13 15 5
13 15 4
14 14 5
14 14 4
14 14 3
14 14 2
14 16 2
13 14 4
14 15 3
14 15 2
14 16 3
16 14 3
16 16 2
16 15 2
15 14 2
15 15 2
14 17 1
14 16 1
16 14 2
17 18 0
16 19 0
16 20 0
15 19 0
14 19 0
15 20 0
16 17 0
16 15 0
16 16 0
14 18 0
14 17 0
14 16 0
14 15 0
14 14 0
15 14 0
16 14 0
17 17 1
16 18 1
16 17 1
16 19 1
15 18 1
15 19 1
15 17 1
14 15 1
16 15 1
16 16 1
16 14 1
15 14 5
15 14 4
15 14 3
15 15 5
15 15 4
15 14 1
16 18 0
15 15 0
15 16 0
15 17 0
15 18 0
3 6 2
3 5 2
3 7 2
3 8 2
3 7 1
3 6 4
4 6 5
4 5 5
4 5 4
4 6 4
3 6 3
4 5 3
5 5 5
5 5 4
5 5 3
5 4 3
4 5 2
3 7 5
3 7 4
3 7 3
3 8 4
4 9 3
4 8 3
4 8 2
4 9 4
4 8 4
5 8 3
6 8 4
5 8 4
5 9 4
6 7 4
6 7 3
6 7 2
5 7 2
6 8 3
6 5 3
6 5 2
5 5 2
5 4 2
3 6 1
6 6 2
6 6 1
5 7 1
4 8 1
4 7 1
2 5 0
1 6 0
2 8 0
1 7 0
3 5 0
4 5 0
5 5 0
5 7 0
4 7 0
3 7 0
6 6 0
6 5 0
3 5 1
2 6 1
2 5 1
2 6 0
2 7 1
3 8 1
2 7 0
6 7 1
3 8 0
5 5 1
4 5 1
6 5 1
6 6 4
6 6 3
5 6 6
5 6 5
6 6 5
3 8 3
5 6 0
6 7 0
4 6 0
3 6 0
8 8 28
9 8 27
10 9 26
9 8 26
9 9 27
8 7 26
7 7 27
6 8 28
8 8 24
8 8 25
9 8 24
9 8 25
8 7 25
10 9 25
9 9 23
7 9 23
7 9 24
9 9 24
8 9 23
8 9 22
9 10 22
8 10 22
9 11 22
10 12 22
7 10 22
8 11 22
8 9 24
8 8 27
7 10 24
7 10 23
12 13 28
13 13 27
13 13 26
14 14 28
13 13 25
13 14 26
13 14 25
12 13 25
12 14 24
12 15 24
12 13 24
11 13 23
11 13 22
11 11 23
11 12 23
10 11 23
10 11 22
11 12 24
10 13 22
11 14 22
11 15 22
11 16 23
13 15 28
13 14 28
12 15 23
11 16 24
11 16 22
10 9 27
10 10 26
11 10 27
11 11 26
9 9 28
11 11 24
10 10 24
10 10 23
7 8 28
7 9 28
12 15 28
12 14 28
12 12 27
12 13 27
9 10 23
12 14 23
11 10 25
10 10 25
11 11 25
11 11 27
12 12 25
11 12 25
10 9 24
9 9 25
12 11 25
12 11 26
12 13 26
12 12 26
11 10 26
11 15 23
12 14 29
11 15 29
7 10 28
8 10 28
8 9 29
8 9 28
7 10 29
5 11 26
5 11 25
6 10 25
6 10 24
6 13 26
6 12 26
5 13 25
5 12 25
5 13 24
6 11 28
6 10 28
6 12 27
6 11 27
6 10 27
5 10 26
5 10 25
6 12 22
7 11 22
6 11 24
5 12 23
6 11 23
5 11 24
9 17 23
8 17 23
10 16 28
11 16 28
9 16 27
8 17 26
10 16 27
11 16 25
10 16 23
9 16 22
8 16 22
10 17 24
9 17 24
6 14 24
5 14 24
6 14 23
5 13 23
6 14 22
6 13 23
7 16 22
6 15 22
7 15 22
7 16 24
7 15 23
7 16 23
6 15 23
6 13 22
9 17 26
9 17 25
8 17 25
8 17 24
5 12 24
5 14 25
5 10 27
11 17 26
10 17 26
11 17 25
10 17 25
11 17 27
11 16 27
10 17 27
5 9 28
6 9 28
5 11 27
13 16 28
12 16 28
12 17 27
7 17 25
6 12 23
9 16 23
8 16 23
12 12 24
12 15 25
12 14 25
13 14 27
12 16 27
12 17 26
7 8 25
5 9 27
6 10 26
6 13 24
7 11 28
10 10 27
8 16 24
10 15 28
11 14 28
12 11 27
11 12 27
9 16 26
6 13 25
8 16 25
11 15 28
6 7 26
7 7 26
7 7 25
6 7 25
5 8 24
5 7 25
5 7 26
5 9 26
5 9 25
5 8 26
5 8 25
6 9 23
6 9 24
5 9 23
6 9 22
7 9 25
5 10 24
6 9 25
4 9 23
4 8 23
5 9 22
5 9 24
5 7 23
4 8 22
5 8 22
14 14 27
14 14 26
14 15 25
14 15 26
14 15 27
13 16 25
13 17 26
14 16 24
14 16 25
13 16 26
14 16 26
12 16 24
12 16 23
12 15 22
12 16 25
12 17 24
12 17 25
13 17 25
13 17 24
14 16 23
13 16 23
13 16 22
13 16 24
14 15 23
14 15 22
14 16 22
13 17 23
14 16 20
14 15 20
13 16 20
13 15 20
13 14 21
14 14 22
14 15 21
15 16 21
15 16 22
15 15 21
13 14 22
14 14 24
14 15 24
13 15 21
13 16 21
12 16 21
12 15 21
13 15 22
13 14 24
13 14 23
14 14 23
14 18 20
14 17 21
14 18 21
14 17 20
13 18 20
13 17 20
13 18 21
13 17 21
13 17 22
14 16 21
13 18 22
14 17 22
14 18 22
5 8 20
4 8 20
5 8 21
5 7 22
6 7 21
4 7 21
4 7 22
5 7 21
3 8 21
3 8 22
6 7 22
6 7 23
5 7 24
6 8 21
5 9 21
5 9 20
6 9 21
5 10 22
6 8 22
7 8 23
7 7 24
6 8 23
7 8 24
6 7 24
3 9 20
2 9 21
3 10 19
3 9 19
4 9 20
3 10 20
4 10 20
4 10 21
3 8 20
3 10 21
4 10 22
4 9 22
3 9 22
3 10 22
8 13 27
8 12 27
7 13 27
7 14 27
7 12 28
7 12 27
8 15 27
9 15 27
8 11 29
9 11 29
10 11 29
10 11 28
9 11 28
10 12 29
9 10 27
10 11 27
11 11 28
8 11 28
8 12 28
11 13 28
11 13 29
11 12 28
11 13 27
8 12 29
7 12 29
8 13 29
7 12 30
9 10 28
10 10 28
6 14 26
6 14 25
7 15 24
7 16 25
8 16 26
7 15 26
7 15 25
7 13 26
7 14 26
8 15 26
6 13 27
6 15 24
6 12 21
10 12 21
9 11 21
7 11 21
8 11 21
10 15 22
11 13 21
10 13 21
9 16 21
10 14 21
11 14 21
10 15 21
6 15 25
7 16 26
6 15 26
11 15 25
14 16 27
13 16 27
13 17 27
13 15 27
6 8 27
6 9 27
5 8 27
6 7 27
6 6 26
4 9 26
1 12 19
2 11 20
0 12 20
1 12 20
2 12 20
1 11 21
1 12 18
2 11 19
2 12 19
3 11 20
1 11 22
1 12 21
2 12 21
2 10 21
2 11 21
1 12 22
0 11 20
1 13 21
1 13 20
2 13 20
0 12 19
2 13 19
1 13 19
1 13 18
1 11 19
2 10 19
1 11 20
1 10 20
13 21 19
13 22 20
12 20 20
13 21 20
13 21 21
13 20 21
14 22 20
13 20 19
12 21 19
12 19 20
14 20 21
13 20 22
13 21 22
12 21 21
13 19 21
12 21 22
13 22 22
12 22 21
13 22 21
12 20 21
12 21 20
13 22 19
12 22 19
14 21 20
13 20 20
14 20 20
14 21 21
14 19 21
12 20 19
3 11 19
2 9 20
3 9 21
3 11 21
12 19 19
13 19 20
12 19 21
13 19 19
14 19 20
13 18 19
12 18 20
14 18 19
12 18 21
2 10 20
15 9 17
15 10 17
15 8 16
16 9 18
16 9 17
16 8 17
15 8 17
15 7 16
15 7 15
15 6 15
15 10 18
15 11 19
15 10 20
15 10 19
13 9 17
14 8 17
14 9 17
15 7 18
14 8 16
14 8 22
15 8 21
14 8 21
15 8 20
14 8 20
15 8 19
15 8 18
14 9 18
14 9 19
14 9 20
14 8 18
14 8 19
15 7 17
16 8 18
15 9 22
15 10 22
15 9 21
15 10 21
15 9 20
15 9 19
16 9 19
15 8 22
9 4 19
10 4 19
10 3 18
10 3 19
10 3 17
10 3 16
8 4 18
8 4 19
9 4 17
9 4 18
9 3 17
8 5 20
8 5 19
8 5 21
9 5 22
9 4 20
9 5 23
9 4 21
10 5 22
10 4 21
10 4 20
10 5 23
10 5 21
11 5 22
10 5 18
9 6 18
9 5 18
10 4 18
10 5 17
10 5 20
10 5 19
10 6 19
10 4 17
9 8 22
9 7 22
9 8 21
8 7 21
9 7 21
9 7 20
8 6 20
9 6 20
9 5 19
9 6 19
9 7 19
14 11 20
14 10 18
13 11 21
13 10 20
12 11 22
12 10 21
14 10 19
13 10 19
13 10 18
14 10 17
14 9 16
15 10 16
15 9 16
8 9 34
9 8 34
9 9 33
9 7 33
9 8 33
10 8 32
7 11 34
7 10 34
8 10 33
8 10 34
8 9 33
9 8 35
10 7 35
9 7 35
10 6 36
10 6 35
9 9 35
8 11 35
9 11 35
8 10 35
9 10 35
11 9 34
11 10 34
11 10 33
12 10 33
12 11 32
11 8 33
12 9 33
11 9 33
10 11 34
10 12 34
11 11 33
10 8 35
11 7 35
10 9 35
11 8 34
10 10 35
10 11 35
12 9 32
11 9 32
10 8 33
10 7 34
9 7 34
10 7 33
12 6 27
13 6 27
12 6 26
13 5 26
12 5 25
14 5 26
13 5 25
14 5 25
13 5 24
12 5 24
12 5 23
14 6 26
14 6 24
14 7 27
14 7 25
14 6 25
14 6 23
14 7 24
14 7 22
13 4 23
14 4 24
14 3 23
14 5 23
14 6 22
14 5 24
15 4 22
14 4 23
14 5 22
15 5 22
15 4 21
15 3 21
15 3 20
15 3 22
12 6 28
13 7 29
13 5 27
13 7 28
13 6 28
13 7 27
13 4 22
13 5 22
14 4 21
12 4 22
14 4 22
14 3 21
13 4 21
9 6 31
9 7 32
9 7 31
9 5 26
8 4 26
9 4 26
8 3 26
9 3 26
10 3 26
10 4 26
10 5 26
10 6 29
10 5 28
10 4 28
10 5 27
10 4 27
10 3 27
8 6 28
7 6 29
8 5 27
7 6 30
7 5 28
8 5 28
9 2 26
9 2 25
9 1 25
9 0 25
9 3 27
9 3 28
9 2 27
9 1 26
10 5 29
9 5 30
10 5 30
9 4 29
9 5 29
8 2 26
8 1 25
10 7 30
10 7 31
10 6 30
9 5 31
7 7 31
8 7 31
7 7 30
8 6 30
8 3 27
8 5 29
7 5 29
9 4 28
8 4 28
8 4 27
8 5 30
13 11 32
14 11 32
14 11 31
13 11 31
17 11 26
16 11 26
17 10 25
15 10 26
16 9 26
16 10 26
17 9 26
17 9 25
15 9 27
16 9 27
15 9 28
14 9 29
15 13 29
15 12 29
16 12 28
15 12 28
15 12 27
16 12 27
16 12 26
18 10 25
18 9 25
19 9 25
17 9 27
17 10 27
18 10 26
18 9 26
16 9 28
15 10 29
16 10 30
16 10 29
15 9 29
17 11 25
14 10 30
15 10 30
15 11 31
15 11 30
15 11 27
15 12 30
14 13 30
14 12 32
15 12 31
14 12 31
14 13 32
14 13 31
17 11 27
17 10 26
16 11 28
16 11 30
16 11 29
17 10 28
12 10 32
9 16 31
10 16 30
10 16 29
9 17 30
8 16 31
9 17 31
10 13 37
10 13 36
9 13 36
9 14 35
9 15 34
9 14 34
8 15 33
9 13 35
10 14 35
10 14 34
9 15 33
10 15 33
10 13 35
8 13 36
8 13 37
8 14 35
8 14 34
8 15 34
8 13 35
7 14 35
7 13 35
7 14 34
7 12 35
7 13 34
7 14 33
7 13 36
7 15 33
5 13 32
5 12 32
5 12 31
4 11 30
6 14 32
6 13 32
5 13 31
6 12 32
7 11 31
7 10 31
6 11 31
5 11 31
6 13 30
6 12 31
5 12 30
6 14 31
6 14 30
12 14 32
13 14 31
11 14 32
12 14 31
13 14 30
11 13 32
11 14 31
12 13 31
12 13 32
12 14 30
9 12 37
8 12 37
9 11 38
9 10 39
9 11 37
8 11 37
8 11 36
9 11 36
8 11 34
9 10 38
8 12 35
8 12 36
10 11 36
9 12 36
10 12 35
10 12 36
13 14 32
13 13 31
15 13 30
11 11 34
12 12 33
13 12 33
13 12 32
13 13 32
12 13 33
7 11 32
7 9 31
7 9 29
7 11 30
7 10 30
6 5 28
6 5 27
7 7 28
6 6 28
7 6 28
6 6 29
6 8 30
6 7 29
6 7 30
7 8 31
6 9 30
6 8 29
6 7 28
7 9 30
11 14 29
13 14 29
16 13 27
16 13 28
17 14 27
15 13 28
14 13 28
15 14 27
15 14 28
16 14 27
16 14 28
15 14 29
14 15 29
15 15 28
14 14 30
14 14 29
14 15 28
12 15 30
13 15 30
7 15 32
6 15 34
6 14 35
6 14 34
7 15 34
8 16 32
8 15 32
10 15 34
10 15 35
9 15 32
10 15 32
5 13 33
6 14 33
4 12 33
5 14 32
4 12 32
11 14 33
13 13 33
12 14 33
11 15 32
7 5 22
8 5 22
7 5 21
8 8 26
7 6 25
7 6 24
7 6 23
7 7 23
7 6 22
6 6 22
7 5 23
7 5 20
7 5 19
7 5 18
6 6 18
6 6 17
6 6 19
7 6 19
6 6 21
7 6 21
6 6 20
7 6 20
8 6 21
8 7 20
8 8 21
7 7 19
7 6 18
7 7 22
8 8 22
8 8 23
7 7 21
8 7 23
8 7 22
7 7 20
9 8 23
15 11 21
15 12 21
15 11 20
15 12 24
15 13 23
14 12 25
14 13 24
15 13 22
13 12 25
14 12 24
13 12 24
14 13 23
15 13 21
14 13 22
15 13 20
15 12 23
15 12 22
15 12 17
15 12 18
14 13 16
15 11 18
15 12 19
15 12 20
15 13 19
14 13 18
15 13 18
15 13 17
14 13 17
13 11 20
14 12 19
13 12 19
13 12 18
14 11 19
14 12 18
14 12 17
13 12 21
13 12 20
12 11 21
14 12 22
14 13 21
14 12 21
13 12 23
13 12 22
14 13 20
14 13 19
14 12 20
13 11 24
12 11 23
13 11 22
9 9 26
10 9 23
11 12 29
12 12 28
13 12 26
11 10 24
12 11 24
12 10 23
11 8 20
12 9 21
11 9 19
11 10 20
10 9 18
11 9 20
10 8 22
10 9 21
10 8 21
10 9 20
10 9 19
10 10 22
10 10 21
10 9 22
10 10 20
10 10 19
11 10 22
11 10 21
11 10 19
11 10 23
6 11 32
5 10 32
6 8 31
6 9 31
5 9 31
6 11 33
6 11 34
6 10 33
5 9 32
6 12 33
5 11 33
5 11 32
5 10 31
5 8 30
5 8 31
5 7 30
6 10 31
6 8 32
7 9 32
6 9 33
6 9 32
7 8 32
6 7 31
13 9 32
13 10 32
14 9 31
15 7 29
14 8 30
15 8 29
14 9 30
13 10 31
15 6 28
16 6 28
16 5 27
14 6 28
14 7 29
15 7 28
13 8 30
16 7 27
16 6 27
15 8 28
12 8 30
13 8 31
12 7 29
13 9 31
15 7 27
15 6 27
15 8 27
14 8 28
12 9 31
14 8 27
14 6 27
5 12 34
6 13 33
5 11 35
5 10 36
6 12 34
6 12 35
6 11 36
6 11 35
12 13 34
12 13 35
11 13 34
11 14 34
12 11 36
12 12 35
12 12 34
11 12 35
11 13 35
11 11 36
12 11 35
12 11 34
11 11 35
6 13 31
6 12 29
7 11 29
6 11 30
8 12 30
6 11 29
6 10 29
5 11 29
5 10 28
5 10 29
6 12 30
12 13 29
13 13 29
13 13 28
12 13 30
11 13 30
16 8 21
16 7 21
17 7 21
16 6 21
17 6 21
18 6 21
15 7 21
15 6 22
15 7 23
15 6 23
16 6 22
14 7 26
15 7 24
14 7 23
17 6 22
16 8 23
16 9 22
16 8 22
16 9 24
15 9 25
15 9 24
15 10 25
15 10 24
16 9 23
15 9 23
17 7 22
15 9 26
16 9 25
16 7 23
16 6 23
15 8 26
15 7 26
15 8 25
15 7 25
16 8 24
16 8 25
14 9 28
12 1 22
11 1 22
12 0 22
12 3 22
11 3 22
12 2 22
11 2 22
10 3 22
10 2 22
11 5 23
11 4 22
10 4 22
10 4 23
12 4 24
12 4 23
12 3 23
12 5 26
12 2 23
10 3 23
10 4 25
10 5 25
10 4 24
10 5 24
11 2 23
10 2 23
10 3 24
11 3 24
12 4 25
11 5 27
11 5 26
11 4 26
11 4 25
11 5 28
7 6 27
8 10 29
7 8 27
7 8 26
8 9 26
6 6 25
6 6 24
6 6 23
5 6 24
5 6 23
7 6 26
15 13 26
15 14 25
15 13 27
14 13 25
15 15 23
15 15 22
14 14 25
15 15 24
15 14 24
15 14 23
15 13 25
15 12 26
15 13 24
15 12 25
13 13 24
15 14 22
13 10 34
13 10 33
12 11 33
11 12 34
13 11 34
13 11 33
14 11 33
14 9 32
15 9 32
15 8 32
16 8 32
14 9 33
15 9 33
14 9 34
13 9 33
15 10 33
14 10 33
14 10 32
15 10 32
14 12 33
7 7 34
7 8 34
8 8 34
7 9 34
6 8 33
6 10 34
8 6 32
7 5 32
7 6 31
6 4 32
7 5 33
7 6 34
8 6 33
8 7 33
6 6 32
6 6 33
6 5 32
6 7 33
7 7 33
7 6 32
8 6 31
9 6 32
9 8 32
8 7 34
8 8 33
7 7 32
12 10 20
12 9 20
12 9 19
12 9 18
13 9 18
13 9 19
12 8 17
11 8 18
11 8 17
12 8 18
11 8 19
12 8 15
12 8 14
13 9 14
12 8 13
13 9 16
13 9 15
12 9 15
12 9 16
11 8 16
14 7 21
14 6 20
14 7 20
14 6 19
14 7 19
14 6 18
13 6 21
13 6 20
13 6 19
13 6 18
12 6 18
12 7 15
12 7 16
12 7 17
12 7 18
12 6 20
12 6 19
12 7 19
13 8 17
13 8 16
13 8 15
13 8 14
12 9 14
14 7 18
13 7 17
13 7 15
13 7 16
13 6 22
14 6 21
10 7 19
10 8 20
10 7 20
10 7 17
10 7 18
10 6 18
11 7 18
11 7 15
10 7 16
9 6 16
10 6 15
11 6 14
11 7 16
10 6 17
9 6 17
10 6 16
10 7 15
11 6 17
11 7 17
12 6 17
11 6 16
11 6 15
12 5 18
12 5 19
12 5 20
13 5 21
11 5 18
11 5 19
11 5 20
11 5 21
11 5 17
11 5 16
12 5 22
12 5 21
8 4 21
8 3 21
8 2 21
7 3 21
8 1 20
8 1 21
8 0 20
9 3 21
9 2 21
9 1 20
7 4 22
9 4 22
8 5 26
8 4 25
8 4 24
8 3 23
8 2 22
9 3 23
9 2 22
9 1 21
9 4 23
9 3 22
9 4 25
9 5 24
9 4 24
8 4 23
8 3 22
7 5 24
7 5 25
8 6 27
8 5 25
17 11 20
16 11 20
18 10 19
17 9 19
19 9 18
16 10 20
17 10 20
17 10 19
16 9 20
18 9 19
16 9 21
15 11 26
16 11 25
16 11 24
16 11 23
17 11 22
16 10 22
17 9 21
17 10 22
17 9 20
17 10 21
18 10 20
18 9 20
16 11 21
17 11 21
16 12 23
16 11 22
16 12 22
16 12 24
16 10 23
16 10 24
16 10 25
11 7 31
12 6 30
11 6 30
12 5 29
11 5 29
10 8 31
12 3 28
13 4 28
13 2 27
12 4 29
12 6 29
13 6 29
13 5 28
12 4 28
12 7 30
11 4 28
12 3 27
12 7 31
11 8 32
12 8 31
11 4 27
12 5 27
12 4 27
13 4 27
11 7 32
13 3 27
13 3 28
